Time	Fin	pitch rate	Az Demand	Az
0	-0.000704215	0	-1	0
0.005	-0.00170933	0	-1	0
0.01	-0.00286598	4.13733e-013	-1	9.44718e-011
0.015	-0.00422335	5.28971e-011	-1	1.26491e-009
0.02	-0.00584382	4.2746e-010	-1	7.64969e-009
0.025	-0.00773105	1.82453e-009	-1	1.86922e-008
0.03	-0.00985216	5.57349e-009	-1	4.36397e-008
0.035	-0.0121747	1.37821e-008	-1	8.75902e-008
0.04	-0.0146799	2.95381e-008	-1	1.64279e-007
0.045	-0.0173575	5.69811e-008	-1	2.6793e-007
0.05	-0.020198	1.01622e-007	-1	4.23583e-007
0.055	-0.0231896	1.70146e-007	-1	6.41702e-007
0.06	-0.0263199	2.72403e-007	-1	8.10743e-007
0.065	-0.0295768	4.09207e-007	-1	1.2237e-006
0.07	-0.0329493	5.97997e-007	-1	1.6812e-006
0.075	-0.0364273	8.5384e-007	-1	2.25615e-006
0.08	-0.0400011	1.1929e-006	-1	2.77248e-006
0.085	-0.0436615	1.6177e-006	-1	3.64746e-006
0.09	-0.0473998	2.1563e-006	-1	4.61628e-006
0.095	-0.0512076	2.83213e-006	-1	5.75019e-006
0.1	-0.0550772	3.66712e-006	-1	7.05037e-006
0.105	-0.0590013	4.6832e-006	-1	8.52413e-006
0.11	-0.0629731	5.90353e-006	-1	1.01818e-005
0.115	-0.0669863	7.35323e-006	-1	1.20391e-005
0.12	-0.071035	9.05956e-006	-1	1.41197e-005
0.125	-0.0751137	1.10519e-005	-1	1.6423e-005
0.13	-0.0792174	1.33615e-005	-1	1.8973e-005
0.135	-0.0833415	1.60214e-005	-1	2.17816e-005
0.14	-0.0874815	1.90661e-005	-1	2.48609e-005
0.145	-0.0916338	2.25317e-005	-1	2.82356e-005
0.15	-0.0957946	2.64558e-005	-1	3.18843e-005
0.155	-0.0999609	3.08776e-005	-1	3.58387e-005
0.16	-0.10413	3.58374e-005	-1	4.01089e-005
0.165	-0.108298	4.13772e-005	-1	4.47054e-005
0.17	-0.112464	4.75403e-005	-1	4.96564e-005
0.175	-0.116626	5.43715e-005	-1	5.49291e-005
0.18	-0.120781	6.19168e-005	-1	6.05613e-005
0.185	-0.124928	7.02237e-005	-1	6.65618e-005
0.19	-0.129065	7.9341e-005	-1	7.29399e-005
0.195	-0.133192	8.93186e-005	-1	7.97235e-005
0.2	-0.137307	0.000100208	-1	8.68763e-005
0.205	-0.141409	0.000112062	-1	9.44374e-005
0.21	-0.145498	0.000124933	-1	0.000102415
0.215	-0.149574	0.000138878	-1	0.000110837
0.22	-0.153634	0.000153953	-1	0.000119662
0.225	-0.157681	0.000170214	-1	0.000128932
0.23	-0.161712	0.000187721	-1	0.000138654
0.235	-0.165728	0.000206533	-1	0.000148857
0.24	-0.169728	0.000226712	-1	0.000159497
0.245	-0.173714	0.00024832	-1	0.000170616
0.25	-0.177684	0.000271419	-1	0.000182248
0.255	-0.181639	0.000296076	-1	0.000194335
0.26	-0.185579	0.000322355	-1	0.000206929
0.265	-0.189505	0.000350323	-1	0.000220064
0.27	-0.193416	0.000380048	-1	0.000233674
0.275	-0.197313	0.0004116	-1	0.000247817
0.28	-0.201196	0.000445048	-1	0.000262527
0.285	-0.205065	0.000480465	-1	0.000277735
0.29	-0.20892	0.000517923	-1	0.000293499
0.295	-0.212763	0.000557496	-1	0.000309855
0.3	-0.216593	0.000599258	-1	0.000326732
0.305	-0.22041	0.000643286	-1	0.00034419
0.31	-0.224215	0.000689658	-1	0.000362262
0.315	-0.228008	0.00073845	-1	0.000380877
0.32	-0.23179	0.000789744	-1	0.000400144
0.325	-0.23556	0.00084362	-1	0.000419945
0.33	-0.239319	0.000900159	-1	0.00044037
0.335	-0.243068	0.000959444	-1	0.00046146
0.34	-0.246805	0.00102156	-1	0.000483114
0.345	-0.250533	0.00108659	-1	0.00050541
0.35	-0.254249	0.00115463	-1	0.000528389
0.355	-0.257956	0.00122575	-1	0.000551956
0.36	-0.261653	0.00130005	-1	0.000576243
0.365	-0.26534	0.00137762	-1	0.000601103
0.37	-0.269017	0.00145855	-1	0.000626643
0.375	-0.272685	0.00154293	-1	0.000652911
0.38	-0.276343	0.00163086	-1	0.00067978
0.385	-0.279991	0.00172242	-1	0.000707417
0.39	-0.28363	0.00181771	-1	0.000735635
0.395	-0.28726	0.00191683	-1	0.000764564
0.4	-0.290879	0.00201988	-1	0.000794258
0.405	-0.294489	0.00212695	-1	0.000824565
0.41	-0.298089	0.00223815	-1	0.000855678
0.415	-0.30168	0.00235356	-1	0.000887376
0.42	-0.30526	0.00247331	-1	0.00091981
0.425	-0.30883	0.00259747	-1	0.000953036
0.43	-0.31239	0.00272617	-1	0.000986882
0.435	-0.315939	0.00285949	-1	0.00102156
0.44	-0.319478	0.00299756	-1	0.00105682
0.445	-0.323006	0.00314046	-1	0.00109284
0.45	-0.326523	0.00328831	-1	0.00112966
0.455	-0.330029	0.00344122	-1	0.00116711
0.46	-0.333523	0.00359929	-1	0.0012054
0.465	-0.337005	0.00376263	-1	0.00124426
0.47	-0.340474	0.00393135	-1	0.00128389
0.475	-0.343932	0.00410556	-1	0.00132433
0.48	-0.347376	0.00428536	-1	0.00136537
0.485	-0.350808	0.00447088	-1	0.00140727
0.49	-0.354226	0.00466222	-1	0.00144972
0.495	-0.35763	0.0048595	-1	0.00149307
0.5	-0.36102	0.00506282	-1	0.00153692
0.505	-0.364395	0.0052723	-1	0.00158152
0.51	-0.367756	0.00548805	-1	0.00162694
0.515	-0.371101	0.00571019	-1	0.00167292
0.52	-0.37443	0.00593883	-1	0.00171974
0.525	-0.377743	0.00617408	-1	0.00176705
0.53	-0.381039	0.00641606	-1	0.00181525
0.535	-0.384318	0.00666488	-1	0.00186388
0.54	-0.38758	0.00692066	-1	0.00191341
0.545	-0.390824	0.00718352	-1	0.00196332
0.55	-0.394049	0.00745356	-1	0.00201393
0.555	-0.397255	0.00773091	-1	0.00206531
0.56	-0.400442	0.00801567	-1	0.00211714
0.565	-0.403609	0.00830797	-1	0.00216974
0.57	-0.406756	0.00860791	-1	0.00222274
0.575	-0.409882	0.00891562	-1	0.00227651
0.58	-0.412986	0.0092312	-1	0.00233062
0.585	-0.416068	0.00955478	-1	0.00238551
0.59	-0.419128	0.00988646	-1	0.00244067
0.595	-0.422166	0.0102264	-1	0.00249659
0.6	-0.425179	0.0105746	-1	0.00255273
0.605	-0.428169	0.0109312	-1	0.00260961
0.61	-0.431134	0.0112965	-1	0.00266666
0.615	-0.434074	0.0116704	-1	0.00272441
0.62	-0.436988	0.012053	-1	0.00278229
0.625	-0.439877	0.0124446	-1	0.00284083
0.63	-0.442738	0.0128451	-1	0.00289945
0.635	-0.445572	0.0132548	-1	0.00295866
0.64	-0.448379	0.0136736	-1	0.00301792
0.645	-0.451156	0.0141018	-1	0.0030777
0.65	-0.453905	0.0145394	-1	0.00313785
0.655	-0.456625	0.0149865	-1	0.00319772
0.66	-0.459314	0.0154433	-1	0.00325823
0.665	-0.461972	0.0159097	-1	0.0033185
0.67	-0.464599	0.016386	-1	0.00337925
0.675	-0.467194	0.0168723	-1	0.00343978
0.68	-0.469757	0.0173685	-1	0.00350063
0.685	-0.472287	0.0178749	-1	0.0035616
0.69	-0.474782	0.0183915	-1	0.00362209
0.695	-0.477244	0.0189184	-1	0.00368291
0.7	-0.479671	0.0194557	-1	0.00374374
0.705	-0.482062	0.0200034	-1	0.00380385
0.71	-0.484417	0.0205618	-1	0.00386426
0.715	-0.486735	0.0211308	-1	0.00392453
0.72	-0.489016	0.0217105	-1	0.00398393
0.725	-0.491259	0.0223011	-1	0.00404349
0.73	-0.493464	0.0229025	-1	0.00410277
0.735	-0.495629	0.023515	-1	0.00416109
0.74	-0.497755	0.0241384	-1	0.00421937
0.745	-0.49984	0.024773	-1	0.00427717
0.75	-0.501884	0.0254188	-1	0.00433447
0.755	-0.503887	0.0260758	-1	0.00439052
0.76	-0.505847	0.0267442	-1	0.00444637
0.765	-0.507765	0.0274237	-1	0.00449731
0.77	-0.509639	0.0281142	-1	0.0045501
0.775	-0.51147	0.028816	-1	0.00459881
0.78	-0.513256	0.029529	-1	0.00465365
0.785	-0.514996	0.0302539	-1	0.00470718
0.79	-0.516691	0.0309904	-1	0.00475819
0.795	-0.518339	0.0317386	-1	0.00480637
0.8	-0.51994	0.0324986	-1	0.00485109
0.805	-0.521494	0.0332701	-1	0.0049003
0.81	-0.522999	0.0340533	-1	0.00494604
0.815	-0.523599	0.0348484	-1	0.00498934
0.82	-0.523599	0.0356553	-1	0.00503045
0.825	-0.523599	0.0364738	-1	0.00506529
0.83	-0.523599	0.0373034	-1	0.00509525
0.835	-0.523599	0.0381437	-1	0.00512436
0.84	-0.523599	0.0389941	-1	0.00514851
0.845	-0.523599	0.0398546	-1	0.0051685
0.85	-0.523599	0.0406648	-1	0.00518416
0.855	-0.523599	0.0415443	-1	0.00519898
0.86	-0.523599	0.0424338	-1	0.00520983
0.865	-0.523599	0.0433335	-1.34162	0.00522032
0.87	-0.523599	0.0442433	-1.34162	0.00522643
0.875	-0.523599	0.0451634	-1.34854	0.00523377
0.88	-0.523599	0.0460937	-1.34854	0.00523817
0.885	-0.523599	0.0470341	-1.35033	0.00524291
0.89	-0.523599	0.0479847	-1.35033	0.00524493
0.895	-0.523599	0.0489456	-1.36717	0.00524025
0.9	-0.523599	0.0499171	-1.36717	0.00523851
0.905	-0.523599	0.0508988	-1.36897	0.00523434
0.91	-0.523599	0.0518909	-1.36897	0.00522456
0.915	-0.523599	0.0528935	-1.37078	0.00521745
0.92	-0.523599	0.0539063	-1.37078	0.00520791
0.925	-0.523599	0.0549294	-1.37259	0.00519347
0.93	-0.523599	0.0559628	-1.37259	0.00517898
0.935	-0.523599	0.0570065	-1.39239	0.00516108
0.94	-0.523599	0.0580606	-1.39239	0.00513707
0.945	-0.523599	0.0591252	-1.39422	0.00511349
0.95	-0.523599	0.0602001	-1.39422	0.00508641
0.955	-0.523599	0.0612856	-1.39605	0.00505286
0.96	-0.523599	0.0623817	-1.39605	0.00502035
0.965	-0.523599	0.0634881	-1.39788	0.00498426
0.97	-0.523599	0.0646051	-1.39788	0.00494163
0.975	-0.523599	0.0657326	-1.4166	0.00489933
0.98	-0.523599	0.0668706	-1.4166	0.00485294
0.985	-0.523599	0.0680192	-1.41845	0.00479927
0.99	-0.523599	0.0691784	-1.41845	0.00474608
0.995	-0.523599	0.0703481	-1.4203	0.00468853
1	-0.523599	0.0715285	-1.4203	0.00462307
1.005	-0.523599	0.0727196	-1.42216	0.00455852
1.01	-0.523599	0.0739211	-1.42216	0.00448932
1.015	-0.523599	0.0751334	-1.44109	0.00441164
1.02	-0.523599	0.0763563	-1.44109	0.00433491
1.025	-0.523599	0.0775898	-1.44297	0.00425313
1.03	-0.523599	0.0787463	-1.44297	0.00415686
1.035	-0.523599	0.079996	-1.44484	0.00405774
1.04	-0.523599	0.0812554	-1.44484	0.00395358
1.045	-0.523599	0.0825247	-1.4401	0.00384046
1.05	-0.523599	0.0838043	-1.4401	0.00372002
1.055	-0.523599	0.0850938	-1.46408	0.00360137
1.06	-0.523599	0.0863932	-1.46408	0.00347469
1.065	-0.523599	0.0877025	-1.46597	0.00334619
1.07	-0.523599	0.0890213	-1.46597	0.00321434
1.075	-0.523599	0.0903495	-1.46786	0.00307681
1.08	-0.523599	0.0916875	-1.46786	0.00292754
1.085	-0.523599	0.0930352	-1.46976	0.00277704
1.09	-0.523599	0.0943925	-1.46976	0.00262281
1.095	-0.523599	0.0957594	-1.49064	0.00245522
1.1	-0.523599	0.097136	-1.49064	0.00228962
1.105	-0.523599	0.0985223	-1.49256	0.00211006
1.11	-0.523599	0.0999182	-1.49256	0.0019327
1.115	-0.523599	0.101324	-1.49448	0.00173891
1.12	-0.523599	0.102739	-1.49448	0.00154964
1.125	-0.523599	0.104163	-1.49639	0.00134853
1.13	-0.523599	0.105597	-1.49639	0.00114603
1.135	-0.523599	0.107039	-1.51596	0.000935548
1.14	-0.523599	0.10849	-1.51596	0.000720825
1.145	-0.523599	0.109951	-1.5179	0.000494945
1.15	-0.523599	0.11142	-1.5179	0.000249271
1.155	-0.523599	0.112899	-1.51984	1.20501e-005
1.16	-0.523599	0.114386	-1.51984	-0.000233634
1.165	-0.523599	0.115883	-1.52178	-0.000496433
1.17	-0.523599	0.117388	-1.52178	-0.000758274
1.175	-0.523599	0.118901	-1.54146	-0.0010245
1.18	-0.523599	0.120423	-1.54146	-0.00130243
1.185	-0.523599	0.121952	-1.54342	-0.00158568
1.19	-0.523599	0.12349	-1.54342	-0.0018818
1.195	-0.523599	0.125035	-1.54539	-0.00218421
1.2	-0.523599	0.126588	-1.54539	-0.00250039
1.205	-0.523599	0.12815	-1.54735	-0.0028293
1.21	-0.523599	0.129719	-1.54735	-0.00316134
1.215	-0.523599	0.131296	-1.56706	-0.00350325
1.22	-0.523599	0.132881	-1.56706	-0.00386278
1.225	-0.523599	0.134474	-1.56905	-0.00422757
1.23	-0.523599	0.136075	-1.56905	-0.00460138
1.235	-0.523599	0.137684	-1.57103	-0.00499148
1.24	-0.523599	0.139301	-1.57103	-0.00538214
1.245	-0.523599	0.140925	-1.57302	-0.00577789
1.25	-0.523599	0.142556	-1.57302	-0.00618596
1.255	-0.523599	0.144193	-1.59276	-0.00661089
1.26	-0.523599	0.145838	-1.59276	-0.00704369
1.265	-0.523599	0.147489	-1.59477	-0.0074906
1.27	-0.523599	0.149148	-1.59477	-0.00794334
1.275	-0.523599	0.150812	-1.59678	-0.00840809
1.28	-0.523599	0.152484	-1.59678	-0.00888951
1.285	-0.523599	0.154162	-1.59878	-0.00937927
1.29	-0.523021	0.155846	-1.59878	-0.009884
1.295	-0.521578	0.157537	-1.61857	-0.010394
1.3	-0.519579	0.159234	-1.61857	-0.0109154
1.305	-0.517215	0.160936	-1.62059	-0.0114519
1.31	-0.514604	0.162644	-1.62059	-0.011998
1.315	-0.511817	0.164357	-1.62262	-0.0125582
1.32	-0.508896	0.166076	-1.62262	-0.0131355
1.325	-0.505869	0.1678	-1.62465	-0.0137222
1.33	-0.502748	0.169529	-1.62465	-0.0143214
1.335	-0.499556	0.171264	-1.64439	-0.014936
1.34	-0.496291	0.173003	-1.64439	-0.0155695
1.345	-0.492953	0.174748	-1.64644	-0.0162161
1.35	-0.489545	0.176498	-1.64644	-0.0168747
1.355	-0.48607	0.178253	-1.64848	-0.0175443
1.36	-0.482527	0.180013	-1.64848	-0.0182256
1.365	-0.478917	0.181776	-1.65053	-0.0189181
1.37	-0.475279	0.183453	-1.65053	-0.019596
1.375	-0.471559	0.185202	-1.67021	-0.0206421
1.38	-0.46779	0.186901	-1.67021	-0.0218119
1.385	-0.463984	0.18855	-1.66519	-0.0229644
1.39	-0.460134	0.190159	-1.66519	-0.0240143
1.395	-0.456241	0.19174	-1.67429	-0.0249966
1.4	-0.4523	0.193302	-1.67429	-0.0259477
1.405	-0.448311	0.194849	-1.67636	-0.0268951
1.41	-0.444279	0.196381	-1.67636	-0.0278577
1.415	-0.440216	0.197899	-1.69417	-0.0288419
1.42	-0.436117	0.1994	-1.69417	-0.0298503
1.425	-0.431981	0.200884	-1.69626	-0.0308816
1.43	-0.427808	0.20235	-1.69626	-0.0319342
1.435	-0.423601	0.203796	-1.69834	-0.0330068
1.44	-0.419363	0.205223	-1.69834	-0.0340988
1.445	-0.415093	0.206629	-1.70043	-0.0352093
1.45	-0.410794	0.208014	-1.70043	-0.0363394
1.455	-0.40648	0.209377	-1.72142	-0.0374886
1.46	-0.402145	0.210718	-1.72142	-0.0386572
1.465	-0.397788	0.212036	-1.72353	-0.039845
1.47	-0.393411	0.213331	-1.72353	-0.0410522
1.475	-0.389018	0.214601	-1.72564	-0.0422786
1.48	-0.38461	0.215847	-1.72564	-0.0435242
1.485	-0.380189	0.217067	-1.72775	-0.0447893
1.49	-0.375755	0.218262	-1.72775	-0.0460736
1.495	-0.371323	0.21943	-1.74681	-0.0473772
1.5	-0.366886	0.220572	-1.74681	-0.0487
1.505	-0.362446	0.221686	-1.74894	-0.050042
1.51	-0.358003	0.222772	-1.74894	-0.0514029
1.515	-0.353562	0.223829	-1.75106	-0.0527828
1.52	-0.349123	0.224857	-1.75106	-0.0541815
1.525	-0.34469	0.225856	-1.75319	-0.0555991
1.53	-0.340262	0.226825	-1.75319	-0.0570354
1.535	-0.335854	0.227763	-1.7719	-0.0584903
1.54	-0.33146	0.22867	-1.7719	-0.0599638
1.545	-0.32708	0.229546	-1.77405	-0.0614556
1.55	-0.322717	0.23039	-1.77405	-0.0629655
1.555	-0.318374	0.231202	-1.77619	-0.0644934
1.56	-0.314053	0.231981	-1.77619	-0.0660388
1.565	-0.309756	0.232726	-1.77834	-0.0676022
1.57	-0.305483	0.233439	-1.77834	-0.0691832
1.575	-0.301249	0.234117	-1.79664	-0.0707815
1.58	-0.297048	0.234761	-1.79664	-0.072397
1.585	-0.292881	0.235371	-1.79881	-0.0740294
1.59	-0.288749	0.235946	-1.79881	-0.0756785
1.595	-0.284657	0.236485	-1.80097	-0.0773436
1.6	-0.280606	0.23699	-1.80097	-0.0790252
1.605	-0.276598	0.237458	-1.80313	-0.0807226
1.61	-0.272634	0.237891	-1.80313	-0.0824359
1.615	-0.268727	0.238287	-1.82097	-0.0841643
1.62	-0.264873	0.238648	-1.82097	-0.0859081
1.625	-0.261072	0.238971	-1.82315	-0.0876667
1.63	-0.257326	0.239258	-1.82315	-0.0894396
1.635	-0.253638	0.239509	-1.82533	-0.0912267
1.64	-0.25001	0.239722	-1.82533	-0.0930276
1.645	-0.246445	0.239899	-1.82751	-0.0948421
1.65	-0.242942	0.240038	-1.82751	-0.0966697
1.655	-0.239515	0.240141	-1.84483	-0.0985109
1.66	-0.236159	0.240206	-1.84483	-0.100363
1.665	-0.232875	0.240234	-1.84703	-0.102229
1.67	-0.229664	0.240226	-1.84703	-0.104105
1.675	-0.22653	0.24018	-1.84922	-0.105994
1.68	-0.223474	0.240097	-1.84922	-0.107893
1.685	-0.220498	0.239978	-1.85142	-0.109803
1.69	-0.217602	0.239822	-1.85142	-0.111723
1.695	-0.2148	0.23963	-1.86818	-0.113653
1.7	-0.212085	0.239401	-1.86818	-0.115592
1.705	-0.209459	0.239136	-1.87039	-0.11754
1.71	-0.206923	0.238836	-1.87039	-0.119496
1.715	-0.20448	0.2385	-1.8726	-0.12146
1.72	-0.202131	0.238129	-1.8726	-0.123432
1.725	-0.199879	0.237723	-1.87481	-0.125409
1.73	-0.197722	0.237282	-1.87481	-0.127396
1.735	-0.195673	0.236808	-1.89098	-0.129388
1.74	-0.193727	0.236299	-1.89098	-0.131386
1.745	-0.191884	0.235758	-1.8932	-0.133388
1.75	-0.190145	0.235183	-1.8932	-0.135395
1.755	-0.188512	0.234577	-1.89542	-0.137407
1.76	-0.186987	0.233938	-1.89542	-0.139423
1.765	-0.185571	0.233268	-1.89764	-0.141442
1.77	-0.184264	0.232568	-1.89764	-0.143464
1.775	-0.183076	0.231838	-1.9132	-0.145488
1.78	-0.182002	0.231078	-1.9132	-0.147515
1.785	-0.181042	0.230291	-1.91543	-0.149535
1.79	-0.180196	0.229477	-1.91543	-0.151553
1.795	-0.179466	0.228636	-1.91767	-0.15358
1.8	-0.178853	0.22777	-1.91767	-0.155577
1.805	-0.178357	0.226879	-1.9199	-0.157619
1.81	-0.177978	0.225962	-1.9199	-0.159664
1.815	-0.177727	0.225019	-1.93482	-0.161702
1.82	-0.177598	0.224052	-1.93482	-0.163736
1.825	-0.177589	0.223064	-1.93707	-0.165775
1.83	-0.177699	0.222055	-1.93707	-0.167805
1.835	-0.177933	0.221023	-1.93932	-0.169796
1.84	-0.178289	0.219972	-1.93932	-0.171807
1.845	-0.178768	0.218901	-1.94156	-0.173816
1.85	-0.179367	0.217813	-1.94156	-0.175822
1.855	-0.180096	0.216708	-1.95586	-0.177825
1.86	-0.180948	0.215587	-1.95586	-0.179819
1.865	-0.181924	0.214452	-1.95812	-0.181807
1.87	-0.183021	0.213303	-1.95812	-0.18379
1.875	-0.184242	0.212143	-1.96038	-0.185764
1.88	-0.185583	0.210971	-1.96038	-0.187734
1.885	-0.187047	0.209789	-1.96263	-0.189723
1.89	-0.18863	0.208596	-1.96263	-0.191673
1.895	-0.190341	0.207395	-1.97631	-0.193617
1.9	-0.192173	0.206188	-1.97631	-0.195548
1.905	-0.194123	0.204976	-1.97858	-0.197497
1.91	-0.196192	0.203759	-1.97858	-0.19942
1.915	-0.198379	0.202538	-1.98085	-0.201328
1.92	-0.200681	0.201316	-1.98085	-0.203254
1.925	-0.2031	0.200092	-1.98311	-0.205142
1.93	-0.20563	0.19887	-1.98311	-0.207016
1.935	-0.208279	0.197652	-1.9962	-0.208875
1.94	-0.211039	0.196438	-1.9962	-0.21073
1.945	-0.213909	0.195231	-1.99848	-0.212579
1.95	-0.216886	0.194031	-1.99848	-0.214422
1.955	-0.219971	0.192837	-2.00076	-0.216256
1.96	-0.223159	0.191653	-2.00076	-0.218081
1.965	-0.22645	0.190478	-2.00303	-0.219895
1.97	-0.22984	0.189315	-2.00303	-0.221697
1.975	-0.233335	0.188164	-2.01556	-0.223491
1.98	-0.236927	0.187027	-2.01556	-0.225273
1.985	-0.240614	0.185906	-2.01784	-0.227044
1.99	-0.244392	0.184801	-2.01784	-0.228805
1.995	-0.248261	0.183713	-2.02013	-0.230556
2	-0.252217	0.182645	-2.02013	-0.232296
2.005	-0.256258	0.181597	-2.02241	-0.234027
2.01	-0.260379	0.18057	-2.02241	-0.235747
2.015	-0.264586	0.179567	-2.03441	-0.237458
2.02	-0.268871	0.178587	-2.03441	-0.239159
2.025	-0.27323	0.177632	-2.03671	-0.240851
2.03	-0.27766	0.176704	-2.03671	-0.242533
2.035	-0.282159	0.175804	-2.039	-0.244207
2.04	-0.286723	0.174932	-2.039	-0.245872
2.045	-0.291349	0.174091	-2.04129	-0.247529
2.05	-0.296033	0.17328	-2.04129	-0.249178
2.055	-0.300779	0.172501	-2.05281	-0.250819
2.06	-0.305578	0.171756	-2.05281	-0.252454
2.065	-0.310427	0.171045	-2.05511	-0.254081
2.07	-0.315322	0.170369	-2.05511	-0.255703
2.075	-0.320261	0.169729	-2.05741	-0.257319
2.08	-0.325238	0.169126	-2.05741	-0.258929
2.085	-0.330252	0.168562	-2.05971	-0.260535
2.09	-0.335297	0.168037	-2.05971	-0.262137
2.095	-0.340377	0.167551	-2.07078	-0.263735
2.1	-0.345483	0.167106	-2.07078	-0.26533
2.105	-0.350611	0.166703	-2.07309	-0.266923
2.11	-0.355757	0.166342	-2.07309	-0.268515
2.115	-0.360919	0.166023	-2.0754	-0.270105
2.12	-0.366091	0.165749	-2.0754	-0.271695
2.125	-0.371272	0.165518	-2.0777	-0.273285
2.13	-0.376455	0.165333	-2.0777	-0.274877
2.135	-0.381643	0.165192	-2.08836	-0.276471
2.14	-0.386829	0.165098	-2.08836	-0.278067
2.145	-0.392008	0.16505	-2.09067	-0.279667
2.15	-0.397176	0.165048	-2.09067	-0.281272
2.155	-0.40233	0.165094	-2.09298	-0.282882
2.16	-0.407466	0.165187	-2.09298	-0.284497
2.165	-0.412581	0.165327	-2.0953	-0.286118
2.17	-0.41767	0.165516	-2.0953	-0.28775
2.175	-0.422735	0.165752	-2.10555	-0.289388
2.18	-0.427768	0.166037	-2.10555	-0.291036
2.185	-0.432766	0.166369	-2.10787	-0.292696
2.19	-0.437725	0.16675	-2.10787	-0.294367
2.195	-0.442641	0.167179	-2.11019	-0.296051
2.2	-0.447512	0.167656	-2.11019	-0.297748
2.205	-0.452333	0.168181	-2.11251	-0.29946
2.21	-0.457101	0.168754	-2.11251	-0.301188
2.215	-0.461818	0.169374	-2.12236	-0.302932
2.22	-0.466477	0.170041	-2.12236	-0.304693
2.225	-0.471074	0.170754	-2.12468	-0.306474
2.23	-0.475605	0.171514	-2.12468	-0.308274
2.235	-0.480069	0.17232	-2.12701	-0.310095
2.24	-0.484462	0.173171	-2.12701	-0.311937
2.245	-0.488782	0.174067	-2.12933	-0.313802
2.25	-0.493024	0.175007	-2.12933	-0.315691
2.255	-0.497192	0.17599	-2.13876	-0.317605
2.26	-0.501279	0.177015	-2.13876	-0.319545
2.265	-0.505282	0.178082	-2.1411	-0.321511
2.27	-0.509198	0.17919	-2.1411	-0.323506
2.275	-0.513027	0.180339	-2.14343	-0.325529
2.28	-0.516764	0.181526	-2.14343	-0.327582
2.285	-0.520408	0.182751	-2.14576	-0.329666
2.29	-0.523599	0.184013	-2.14576	-0.331782
2.295	-0.523599	0.185311	-2.15472	-0.33393
2.3	-0.523599	0.186643	-2.15472	-0.33612
2.305	-0.523599	0.188003	-2.15706	-0.33843
2.31	-0.523599	0.189379	-2.15706	-0.340866
2.315	-0.523599	0.190741	-2.15939	-0.343366
2.32	-0.523599	0.192116	-2.15939	-0.345933
2.325	-0.523599	0.193489	-2.16173	-0.348529
2.33	-0.523599	0.194859	-2.16173	-0.351154
2.335	-0.523599	0.196226	-2.16659	-0.353812
2.34	-0.523599	0.19759	-2.16659	-0.356498
2.345	-0.523599	0.198933	-2.17213	-0.359216
2.35	-0.523599	0.200276	-2.17213	-0.362107
2.355	-0.523599	0.201593	-2.17447	-0.365039
2.36	-0.523599	0.202886	-2.17447	-0.368003
2.365	-0.523599	0.204152	-2.17354	-0.370994
2.37	-0.523599	0.205389	-2.17354	-0.373966
2.375	-0.523599	0.206598	-2.18463	-0.377053
2.38	-0.523599	0.207783	-2.18463	-0.380165
2.385	-0.523599	0.20894	-2.18697	-0.383272
2.39	-0.523599	0.210069	-2.18697	-0.386405
2.395	-0.523599	0.211169	-2.18931	-0.389571
2.4	-0.523599	0.212239	-2.18931	-0.392782
2.405	-0.523599	0.213281	-2.19164	-0.396026
2.41	-0.523599	0.214294	-2.19164	-0.39929
2.415	-0.523599	0.215277	-2.19897	-0.402585
2.42	-0.523599	0.216229	-2.19897	-0.405904
2.425	-0.523599	0.21715	-2.20131	-0.409236
2.43	-0.523599	0.21804	-2.20131	-0.412624
2.435	-0.523599	0.218899	-2.20365	-0.416041
2.44	-0.523599	0.219728	-2.20365	-0.419473
2.445	-0.523599	0.220523	-2.20598	-0.422896
2.45	-0.523599	0.221285	-2.20598	-0.426392
2.455	-0.523599	0.222015	-2.21203	-0.429919
2.46	-0.523599	0.222714	-2.21203	-0.433452
2.465	-0.523599	0.22338	-2.21437	-0.436992
2.47	-0.523599	0.224011	-2.21437	-0.440579
2.475	-0.523599	0.224609	-2.2167	-0.444191
2.48	-0.523599	0.225172	-2.2167	-0.447785
2.485	-0.523599	0.225701	-2.21904	-0.451463
2.49	-0.523599	0.226197	-2.21904	-0.455151
2.495	-0.523599	0.226659	-2.22403	-0.458839
2.5	-0.523599	0.227085	-2.22403	-0.462556
2.505	-0.523599	0.227475	-2.22636	-0.466289
2.51	-0.523599	0.227829	-2.22636	-0.470048
2.515	-0.523599	0.228144	-2.2287	-0.47378
2.52	-0.523599	0.228426	-2.2287	-0.477625
2.525	-0.523599	0.228672	-2.23103	-0.481439
2.53	-0.523599	0.22888	-2.23103	-0.485269
2.535	-0.523599	0.229051	-2.23491	-0.489118
2.54	-0.523599	0.229185	-2.23491	-0.492989
2.545	-0.523599	0.229282	-2.23724	-0.496876
2.55	-0.523599	0.229342	-2.23724	-0.500777
2.555	-0.523599	0.229363	-2.23956	-0.504693
2.56	-0.523599	0.229347	-2.23956	-0.508626
2.565	-0.523599	0.229294	-2.24189	-0.512571
2.57	-0.523599	0.229199	-2.24189	-0.516477
2.575	-0.523599	0.229069	-2.24458	-0.520498
2.58	-0.523599	0.228901	-2.24458	-0.524475
2.585	-0.523599	0.228694	-2.24691	-0.528471
2.59	-0.523599	0.228449	-2.24691	-0.532475
2.595	-0.523599	0.228166	-2.24923	-0.536487
2.6	-0.523599	0.227842	-2.24923	-0.540479
2.605	-0.523599	0.227481	-2.25154	-0.544537
2.61	-0.523599	0.227082	-2.25154	-0.548572
2.615	-0.523599	0.226643	-2.25298	-0.552614
2.62	-0.523599	0.226166	-2.25298	-0.556664
2.625	-0.523599	0.22565	-2.25529	-0.560716
2.63	-0.523599	0.225095	-2.25529	-0.564774
2.635	-0.523599	0.224501	-2.25761	-0.568835
2.64	-0.523599	0.223868	-2.25761	-0.572875
2.645	-0.523599	0.223198	-2.25992	-0.576963
2.65	-0.523599	0.222488	-2.25992	-0.581028
2.655	-0.523599	0.221741	-2.26005	-0.585093
2.66	-0.523599	0.220954	-2.26005	-0.589147
2.665	-0.523599	0.220125	-2.26236	-0.593136
2.67	-0.523599	0.219263	-2.26236	-0.597275
2.675	-0.523599	0.218362	-2.26466	-0.601328
2.68	-0.523599	0.217423	-2.26466	-0.605382
2.685	-0.523599	0.216447	-2.26696	-0.609427
2.69	-0.523599	0.215433	-2.26696	-0.613466
2.695	-0.523599	0.214382	-2.26575	-0.617492
2.7	-0.523599	0.213294	-2.26575	-0.621522
2.705	-0.523599	0.212168	-2.26804	-0.625536
2.71	-0.523599	0.211005	-2.26804	-0.629504
2.715	-0.523599	0.209806	-2.27033	-0.633532
2.72	-0.523599	0.208571	-2.27033	-0.637514
2.725	-0.523599	0.207301	-2.27262	-0.641483
2.73	-0.523599	0.205994	-2.27262	-0.645425
2.735	-0.523599	0.204652	-2.27007	-0.649377
2.74	-0.523599	0.203275	-2.27007	-0.653301
2.745	-0.523599	0.201864	-2.27235	-0.657209
2.75	-0.523599	0.200417	-2.27235	-0.661081
2.755	-0.523599	0.198937	-2.27463	-0.66497
2.76	-0.523599	0.197423	-2.27463	-0.668821
2.765	-0.523599	0.195876	-2.27691	-0.672653
2.77	-0.523599	0.194296	-2.27691	-0.676464
2.775	-0.523599	0.192684	-2.27299	-0.68025
2.78	-0.523599	0.191039	-2.27299	-0.684016
2.785	-0.523599	0.189363	-2.27525	-0.687755
2.79	-0.523599	0.187656	-2.27525	-0.691471
2.795	-0.523599	0.185918	-2.27752	-0.695159
2.8	-0.523599	0.18415	-2.27752	-0.698822
2.805	-0.523599	0.182352	-2.27979	-0.702454
2.81	-0.523599	0.180525	-2.27979	-0.706061
2.815	-0.523599	0.178669	-2.27453	-0.709634
2.82	-0.523599	0.176785	-2.27453	-0.713181
2.825	-0.523599	0.174873	-2.27678	-0.716694
2.83	-0.523599	0.172934	-2.27678	-0.720174
2.835	-0.523599	0.170969	-2.27904	-0.723621
2.84	-0.523599	0.168977	-2.27904	-0.727033
2.845	-0.523599	0.166961	-2.28129	-0.730411
2.85	-0.523599	0.164919	-2.28129	-0.733753
2.855	-0.523599	0.162854	-2.27472	-0.737056
2.86	-0.523599	0.160765	-2.27472	-0.740324
2.865	-0.523599	0.158653	-2.27696	-0.743552
2.87	-0.523599	0.156518	-2.27696	-0.746738
2.875	-0.523599	0.154363	-2.2792	-0.749889
2.88	-0.523599	0.152186	-2.2792	-0.752996
2.885	-0.523599	0.149989	-2.28144	-0.75606
2.89	-0.523599	0.147772	-2.28144	-0.759084
2.895	-0.523599	0.145537	-2.27363	-0.762064
2.9	-0.523599	0.143284	-2.27363	-0.764995
2.905	-0.523599	0.141013	-2.27585	-0.767889
2.91	-0.523599	0.138725	-2.27585	-0.770734
2.915	-0.523599	0.136422	-2.27808	-0.773531
2.92	-0.523599	0.134103	-2.27808	-0.776284
2.925	-0.523599	0.13177	-2.2803	-0.778987
2.93	-0.523599	0.129423	-2.2803	-0.78164
2.935	-0.523599	0.127063	-2.27131	-0.784249
2.94	-0.523599	0.124692	-2.27131	-0.786805
2.945	-0.523599	0.122308	-2.27352	-0.789311
2.95	-0.523599	0.119914	-2.27352	-0.791767
2.955	-0.523599	0.117511	-2.27574	-0.794171
2.96	-0.523599	0.115098	-2.27574	-0.796522
2.965	-0.523599	0.112677	-2.27795	-0.798823
2.97	-0.523599	0.110249	-2.27795	-0.80107
2.975	-0.523599	0.107814	-2.26787	-0.803262
2.98	-0.523599	0.105373	-2.26787	-0.805402
2.985	-0.523599	0.102928	-2.27007	-0.807486
2.99	-0.523599	0.100478	-2.27007	-0.809516
2.995	-0.523599	0.0980253	-2.27226	-0.81149
3	-0.523599	0.09557	-2.27226	-0.813409
3.005	-0.523599	0.093113	-2.27446	-0.815271
3.01	-0.523599	0.0906552	-2.27446	-0.817078
3.015	-0.523599	0.0881974	-2.26341	-0.818827
3.02	-0.523599	0.0857417	-2.26341	-0.820539
3.025	-0.523599	0.0832871	-2.26559	-0.822145
3.03	-0.523599	0.0808346	-2.26559	-0.823728
3.035	-0.523599	0.0783857	-2.26777	-0.82525
3.04	-0.523599	0.0759409	-2.26777	-0.826709
3.045	-0.523599	0.0735011	-2.26996	-0.828115
3.05	-0.523599	0.0710673	-2.26996	-0.829459
3.055	-0.523599	0.0686431	-2.25803	-0.830799
3.06	-0.523599	0.0662285	-2.25803	-0.831998
3.065	-0.523599	0.0638203	-2.2602	-0.833144
3.07	-0.523599	0.0614203	-2.2602	-0.834248
3.075	-0.523599	0.0590309	-2.26237	-0.83531
3.08	-0.523599	0.0566527	-2.26237	-0.836292
3.085	-0.523599	0.0542856	-2.26454	-0.837217
3.09	-0.523599	0.0519309	-2.26454	-0.838094
3.095	-0.523599	0.0495897	-2.25186	-0.838907
3.1	-0.523599	0.0472631	-2.25186	-0.839671
3.105	-0.523599	0.0449515	-2.25401	-0.840358
3.11	-0.523599	0.0426552	-2.25401	-0.840993
3.115	-0.523599	0.0403759	-2.25617	-0.841588
3.12	-0.523599	0.0381142	-2.25617	-0.8421
3.125	-0.523599	0.0358699	-2.25832	-0.84256
3.13	-0.523599	0.0336451	-2.25832	-0.842986
3.135	-0.523599	0.0314402	-2.24506	-0.843324
3.14	-0.523599	0.0292548	-2.24506	-0.843612
3.145	-0.523599	0.0270905	-2.24721	-0.843856
3.15	-0.523599	0.024946	-2.24721	-0.844021
3.155	-0.523599	0.0228244	-2.24935	-0.844159
3.16	-0.523599	0.0207263	-2.24935	-0.844227
3.165	-0.523599	0.018652	-2.25149	-0.844245
3.17	-0.523599	0.0166016	-2.25149	-0.844201
3.175	-0.523599	0.014577	-2.23781	-0.844121
3.18	-0.523599	0.0125786	-2.23781	-0.843971
3.185	-0.523599	0.0106066	-2.23994	-0.843772
3.19	-0.523599	0.00866275	-2.23994	-0.843537
3.195	-0.523599	0.00674728	-2.24207	-0.843226
3.2	-0.523599	0.00485991	-2.24207	-0.842867
3.205	-0.523599	0.00299979	-2.2442	-0.842446
3.21	-0.523599	0.00116931	-2.2442	-0.84199
3.215	-0.523599	-0.000630551	-2.23021	-0.841491
3.22	-0.523599	-0.00239903	-2.23021	-0.84094
3.225	-0.523599	-0.00413584	-2.23233	-0.840338
3.23	-0.523599	-0.00584087	-2.23233	-0.839682
3.235	-0.523599	-0.00751352	-2.23444	-0.838986
3.24	-0.523599	-0.00915322	-2.23444	-0.838239
3.245	-0.523599	-0.0107599	-2.23656	-0.837443
3.25	-0.523599	-0.0123309	-2.23656	-0.836649
3.255	-0.523599	-0.0138661	-2.22237	-0.835755
3.26	-0.523599	-0.0153683	-2.22237	-0.834814
3.265	-0.523599	-0.016836	-2.22448	-0.833853
3.27	-0.523599	-0.0182678	-2.22448	-0.832848
3.275	-0.523599	-0.0196629	-2.22659	-0.831815
3.28	-0.523599	-0.0210217	-2.22659	-0.830714
3.285	-0.523599	-0.022345	-2.22869	-0.829579
3.29	-0.523599	-0.0236316	-2.22869	-0.82842
3.295	-0.523599	-0.0248805	-2.21443	-0.827223
3.3	-0.523599	-0.0260917	-2.21443	-0.825985
3.305	-0.523599	-0.0272612	-2.21653	-0.824794
3.31	-0.523599	-0.028397	-2.21653	-0.823406
3.315	-0.523599	-0.0294941	-2.21863	-0.822073
3.32	-0.523599	-0.0305522	-2.21863	-0.820703
3.325	-0.523599	-0.0315712	-2.22072	-0.819304
3.33	-0.523599	-0.0325507	-2.22072	-0.817883
3.335	-0.523599	-0.0334909	-2.20654	-0.816413
3.34	-0.523599	-0.0343919	-2.20654	-0.814929
3.345	-0.523599	-0.0352529	-2.20863	-0.813416
3.35	-0.523599	-0.0360741	-2.20863	-0.811877
3.355	-0.523599	-0.0368552	-2.21071	-0.810314
3.36	-0.523599	-0.0375952	-2.21071	-0.808744
3.365	-0.523599	-0.0382959	-2.2128	-0.807117
3.37	-0.523599	-0.0389562	-2.2128	-0.805487
3.375	-0.523599	-0.0395763	-2.19878	-0.803834
3.38	-0.523599	-0.0401559	-2.19878	-0.802164
3.385	-0.523599	-0.0406951	-2.20085	-0.800475
3.39	-0.523599	-0.0411939	-2.20085	-0.798769
3.395	-0.523599	-0.0416518	-2.20293	-0.797058
3.4	-0.523599	-0.0420699	-2.20293	-0.795311
3.405	-0.523599	-0.0424477	-2.205	-0.793561
3.41	-0.523599	-0.0427853	-2.205	-0.791798
3.415	-0.523599	-0.0430827	-2.19122	-0.790027
3.42	-0.523599	-0.0433401	-2.19122	-0.788241
3.425	-0.523599	-0.0435577	-2.19329	-0.786448
3.43	-0.523599	-0.0437356	-2.19329	-0.784647
3.435	-0.523599	-0.0438739	-2.19535	-0.782839
3.44	-0.523599	-0.0439727	-2.19535	-0.781026
3.445	-0.523599	-0.0440324	-2.19742	-0.779208
3.45	-0.523599	-0.0440531	-2.19742	-0.777387
3.455	-0.523599	-0.0440351	-2.18395	-0.775563
3.46	-0.523599	-0.0439785	-2.18395	-0.773739
3.465	-0.523599	-0.0438837	-2.18601	-0.771914
3.47	-0.523599	-0.0437509	-2.18601	-0.770091
3.475	-0.523599	-0.0435804	-2.18806	-0.768271
3.48	-0.523599	-0.0433725	-2.18806	-0.766453
3.485	-0.523599	-0.0431276	-2.19012	-0.76464
3.49	-0.523599	-0.042846	-2.19012	-0.762833
3.495	-0.523599	-0.042528	-2.177	-0.761033
3.5	-0.523599	-0.0421741	-2.177	-0.75924
3.505	-0.523599	-0.0417845	-2.17905	-0.757457
3.51	-0.523599	-0.0413597	-2.17905	-0.755683
3.515	-0.523599	-0.0409001	-2.18109	-0.753921
3.52	-0.523599	-0.0404062	-2.18109	-0.752171
3.525	-0.523599	-0.0398783	-2.18314	-0.750434
3.53	-0.523599	-0.039317	-2.18314	-0.748711
3.535	-0.523599	-0.0387226	-2.1704	-0.747004
3.54	-0.523599	-0.0380958	-2.1704	-0.745313
3.545	-0.523599	-0.0374368	-2.17243	-0.74364
3.55	-0.523599	-0.0367464	-2.17243	-0.741985
3.555	-0.523599	-0.036025	-2.17447	-0.740349
3.56	-0.523599	-0.035273	-2.17447	-0.738734
3.565	-0.523599	-0.0344911	-2.1765	-0.73714
3.57	-0.523599	-0.0336793	-2.1765	-0.735582
3.575	-0.523599	-0.0328393	-2.16413	-0.734024
3.58	-0.523599	-0.031971	-2.16413	-0.732499
3.585	-0.523599	-0.031075	-2.16615	-0.731001
3.59	-0.523599	-0.0301519	-2.16615	-0.729528
3.595	-0.523599	-0.0292023	-2.16817	-0.728082
3.6	-0.523599	-0.0282268	-2.16817	-0.726665
3.605	-0.523599	-0.0272262	-2.1702	-0.725274
3.61	-0.523599	-0.0262009	-2.1702	-0.723914
3.615	-0.523599	-0.0251517	-2.15817	-0.722585
3.62	-0.523599	-0.0240791	-2.15817	-0.721286
3.625	-0.523599	-0.0229839	-2.16018	-0.72002
3.63	-0.523599	-0.0218666	-2.16018	-0.718787
3.635	-0.523599	-0.0207281	-2.16219	-0.717586
3.64	-0.523599	-0.0195688	-2.16219	-0.71642
3.645	-0.523599	-0.0183896	-2.16421	-0.715289
3.65	-0.523599	-0.0171911	-2.16421	-0.714194
3.655	-0.523599	-0.0159741	-2.15245	-0.713135
3.66	-0.523599	-0.0147392	-2.15245	-0.712113
3.665	-0.523599	-0.013487	-2.15445	-0.71113
3.67	-0.523599	-0.0122185	-2.15445	-0.710184
3.675	-0.523599	-0.0109342	-2.15646	-0.709277
3.68	-0.523599	-0.00963484	-2.15646	-0.70841
3.685	-0.523599	-0.00832122	-2.15846	-0.707584
3.69	-0.523599	-0.00699405	-2.15846	-0.706798
3.695	-0.523599	-0.00565405	-2.14691	-0.706053
3.7	-0.523599	-0.00430196	-2.14691	-0.70535
3.705	-0.523599	-0.00293852	-2.14891	-0.70469
3.71	-0.523599	-0.00156448	-2.14891	-0.704072
3.715	-0.523599	-0.000180581	-2.1509	-0.703498
3.72	-0.523599	0.00121243	-2.1509	-0.702968
3.725	-0.523599	0.00261381	-2.1529	-0.702481
3.73	-0.523599	0.0040228	-2.1529	-0.702039
3.735	-0.523599	0.00543865	-2.14146	-0.701642
3.74	-0.523599	0.00686062	-2.14146	-0.701291
3.745	-0.523599	0.00828795	-2.14344	-0.700985
3.75	-0.523599	0.00971989	-2.14344	-0.700725
3.755	-0.523599	0.0111557	-2.14543	-0.700511
3.76	-0.523599	0.0125946	-2.14543	-0.700344
3.765	-0.523599	0.0140358	-2.14741	-0.700223
3.77	-0.523599	0.0154787	-2.14741	-0.70015
3.775	-0.523599	0.0169224	-2.13597	-0.700123
3.78	-0.523599	0.0183663	-2.13597	-0.700144
3.785	-0.523599	0.0198095	-2.13795	-0.700213
3.79	-0.523599	0.0212514	-2.13795	-0.700329
3.795	-0.523599	0.0226912	-2.13992	-0.700493
3.8	-0.523599	0.0241281	-2.13992	-0.700705
3.805	-0.523599	0.0255615	-2.14189	-0.700964
3.81	-0.523599	0.0269906	-2.14189	-0.701272
3.815	-0.523599	0.0284141	-2.13032	-0.701618
3.82	-0.523599	0.0298325	-2.13032	-0.702033
3.825	-0.523599	0.0312444	-2.13228	-0.702484
3.83	-0.523599	0.0326491	-2.13228	-0.702984
3.835	-0.523599	0.034046	-2.13424	-0.703531
3.84	-0.523599	0.0354344	-2.13424	-0.704126
3.845	-0.523599	0.0368135	-2.1362	-0.704768
3.85	-0.523599	0.0381827	-2.1362	-0.705458
3.855	-0.523599	0.0395413	-2.12437	-0.706196
3.86	-0.523599	0.0408886	-2.12437	-0.70698
3.865	-0.523599	0.042224	-2.12632	-0.707811
3.87	-0.523599	0.0435467	-2.12632	-0.708687
3.875	-0.523599	0.0448562	-2.12826	-0.709614
3.88	-0.523599	0.0461515	-2.12826	-0.710578
3.885	-0.523599	0.0474326	-2.13021	-0.711601
3.89	-0.523599	0.0486985	-2.13021	-0.712662
3.895	-0.523599	0.0499487	-2.11797	-0.71377
3.9	-0.523599	0.0511825	-2.11797	-0.714921
3.905	-0.523599	0.0523994	-2.1199	-0.716117
3.91	-0.523599	0.0535981	-2.1199	-0.717345
3.915	-0.523599	0.0547793	-2.12183	-0.718641
3.92	-0.523599	0.0559418	-2.12183	-0.719967
3.925	-0.523599	0.057085	-2.12376	-0.721336
3.93	-0.523599	0.0582084	-2.12376	-0.722747
3.935	-0.523599	0.0593115	-2.11095	-0.724199
3.94	-0.523599	0.0603937	-2.11095	-0.725691
3.945	-0.523599	0.0614545	-2.11287	-0.727225
3.95	-0.523599	0.0624935	-2.11287	-0.728797
3.955	-0.523599	0.0635101	-2.11479	-0.730409
3.96	-0.523599	0.0645038	-2.11479	-0.732059
3.965	-0.523599	0.0654742	-2.11671	-0.733747
3.97	-0.523599	0.0664208	-2.11671	-0.735472
3.975	-0.523599	0.0673432	-2.10318	-0.737234
3.98	-0.523599	0.068241	-2.10318	-0.739031
3.985	-0.523599	0.0691137	-2.10509	-0.740862
3.99	-0.523599	0.069961	-2.10509	-0.742728
3.995	-0.523599	0.0707824	-2.10699	-0.744627
4	-0.523599	0.0715774	-2.10699	-0.746557
4.005	-0.523599	0.072346	-2.10889	-0.748522
4.01	-0.523599	0.073087	-2.10889	-0.750503
4.015	-0.523599	0.0738009	-2.0945	-0.752541
4.02	-0.523599	0.0744877	-2.0945	-0.754592
4.025	-0.523599	0.0751465	-2.09639	-0.75667
4.03	-0.523599	0.0757772	-2.09639	-0.758781
4.035	-0.523599	0.0763795	-2.09828	-0.760915
4.04	-0.523599	0.076953	-2.09828	-0.763074
4.045	-0.523599	0.0774977	-2.10016	-0.765258
4.05	-0.523599	0.0780131	-2.10016	-0.767465
4.055	-0.523599	0.0784992	-2.08478	-0.769694
4.06	-0.523599	0.0789554	-2.08478	-0.77194
4.065	-0.523599	0.0793818	-2.08665	-0.774213
4.07	-0.523599	0.0797783	-2.08665	-0.776504
4.075	-0.523599	0.0801419	-2.08852	-0.778752
4.08	-0.523599	0.0804784	-2.08852	-0.781136
4.085	-0.523599	0.0807845	-2.09039	-0.783475
4.09	-0.523599	0.0810601	-2.09039	-0.785832
4.095	-0.523599	0.0813053	-2.07388	-0.788201
4.1	-0.523599	0.0815189	-2.07388	-0.790564
4.105	-0.523599	0.0817029	-2.07574	-0.792976
4.11	-0.523599	0.081856	-2.07574	-0.795377
4.115	-0.523599	0.0819786	-2.07759	-0.797792
4.12	-0.523599	0.0820704	-2.07759	-0.800213
4.125	-0.523599	0.0821316	-2.07944	-0.80264
4.13	-0.523599	0.082162	-2.07944	-0.805073
4.135	-0.523599	0.0821619	-2.06171	-0.807511
4.14	-0.523599	0.0821311	-2.06171	-0.809951
4.145	-0.523599	0.0820699	-2.06354	-0.812395
4.15	-0.523599	0.0819783	-2.06354	-0.814838
4.155	-0.523599	0.0818564	-2.06537	-0.817281
4.16	-0.523599	0.0817043	-2.06537	-0.819722
4.165	-0.523599	0.0815222	-2.0672	-0.822162
4.17	-0.523599	0.0813101	-2.0672	-0.824594
4.175	-0.523599	0.0810684	-2.04816	-0.827026
4.18	-0.523599	0.0807973	-2.04816	-0.82945
4.185	-0.523599	0.0804968	-2.04997	-0.831865
4.19	-0.523599	0.0801672	-2.04997	-0.83427
4.195	-0.523599	0.0798088	-2.05178	-0.836669
4.2	-0.523599	0.0794218	-2.05178	-0.839054
4.205	-0.523599	0.0790066	-2.05359	-0.841427
4.21	-0.523599	0.0785631	-2.05359	-0.843784
4.215	-0.523599	0.078092	-2.03318	-0.84613
4.22	-0.523599	0.0775934	-2.03318	-0.848458
4.225	-0.523599	0.0770678	-2.03497	-0.850769
4.23	-0.523599	0.0765153	-2.03497	-0.853061
4.235	-0.523599	0.0759365	-2.03676	-0.855335
4.24	-0.523599	0.0753316	-2.03676	-0.857587
4.245	-0.523599	0.074701	-2.03855	-0.859817
4.25	-0.523599	0.074045	-2.03855	-0.86202
4.255	-0.523599	0.0733642	-2.01672	-0.864206
4.26	-0.523599	0.072659	-2.01672	-0.866362
4.265	-0.523599	0.0719297	-2.01848	-0.868494
4.27	-0.523599	0.0711769	-2.01848	-0.870597
4.275	-0.523599	0.070401	-2.02025	-0.872672
4.28	-0.523599	0.0696024	-2.02025	-0.874716
4.285	-0.523599	0.0687816	-2.02202	-0.87673
4.29	-0.523599	0.0679392	-2.02202	-0.878713
4.295	-0.523599	0.0670755	-1.99877	-0.880661
4.3	-0.523599	0.0661912	-1.99877	-0.882577
4.305	-0.523599	0.0652867	-2.00051	-0.884458
4.31	-0.523599	0.0643626	-2.00051	-0.886301
4.315	-0.523599	0.0634194	-2.00225	-0.88811
4.32	-0.523599	0.0624576	-2.00225	-0.889878
4.325	-0.523599	0.0614779	-2.00399	-0.891611
4.33	-0.523599	0.0604808	-2.00399	-0.893302
4.335	-0.523599	0.0594668	-1.97934	-0.894955
4.34	-0.523599	0.0584366	-1.97934	-0.896564
4.345	-0.523599	0.0573908	-1.98105	-0.898133
4.35	-0.523599	0.0563299	-1.98105	-0.899658
4.355	-0.523599	0.0552545	-1.98277	-0.90114
4.36	-0.523599	0.0541652	-1.98277	-0.902577
4.365	-0.523599	0.0530627	-1.98449	-0.903968
4.37	-0.523599	0.0519476	-1.98449	-0.905314
4.375	-0.523599	0.0508205	-1.95846	-0.906613
4.38	-0.523599	0.049682	-1.95846	-0.907865
4.385	-0.523599	0.0485327	-1.96016	-0.90907
4.39	-0.523599	0.0473733	-1.96016	-0.910225
4.395	-0.523599	0.0462045	-1.96185	-0.911332
4.4	-0.523599	0.0450268	-1.96185	-0.91239
4.405	-0.523599	0.0438409	-1.96355	-0.913397
4.41	-0.523599	0.0426474	-1.96355	-0.914354
4.415	-0.523599	0.0414471	-1.93621	-0.915259
4.42	-0.523599	0.0402404	-1.93621	-0.916113
4.425	-0.523599	0.0390296	-1.93788	-0.916939
4.43	-0.523599	0.0378124	-1.93788	-0.917662
4.435	-0.523599	0.0365908	-1.93955	-0.918359
4.44	-0.523599	0.0353656	-1.93955	-0.919003
4.445	-0.523599	0.0341373	-1.94122	-0.919594
4.45	-0.523599	0.0329067	-1.94122	-0.920132
4.455	-0.523599	0.0316742	-1.91267	-0.920616
4.46	-0.523599	0.0304406	-1.91267	-0.921046
4.465	-0.523599	0.0292065	-1.91431	-0.921421
4.47	-0.523599	0.0279725	-1.91431	-0.921743
4.475	-0.523599	0.0267393	-1.91595	-0.92201
4.48	-0.523599	0.0255075	-1.91595	-0.922223
4.485	-0.523599	0.0242776	-1.91759	-0.922381
4.49	-0.523599	0.0230503	-1.91759	-0.922485
4.495	-0.523599	0.0218263	-1.88793	-0.922534
4.5	-0.523599	0.020606	-1.88793	-0.922529
4.505	-0.523599	0.0193901	-1.88955	-0.922469
4.51	-0.523599	0.0181792	-1.88955	-0.922355
4.515	-0.523599	0.0169738	-1.89116	-0.922187
4.52	-0.523599	0.0157746	-1.89116	-0.921965
4.525	-0.523599	0.0145821	-1.89278	-0.921688
4.53	-0.523599	0.0133967	-1.89278	-0.921359
4.535	-0.523599	0.0122194	-1.86212	-0.920978
4.54	-0.523599	0.0110501	-1.86212	-0.920539
4.545	-0.523599	0.00988977	-1.8637	-0.92005
4.55	-0.523599	0.00873898	-1.8637	-0.919512
4.555	-0.523599	0.00759785	-1.86529	-0.918914
4.56	-0.523599	0.0064671	-1.86529	-0.918269
4.565	-0.523599	0.00534727	-1.86688	-0.917573
4.57	-0.523599	0.00423871	-1.86688	-0.916824
4.575	-0.523599	0.00314195	-1.83534	-0.916026
4.58	-0.523599	0.00205754	-1.83534	-0.915179
4.585	-0.523599	0.000985737	-1.8369	-0.914279
4.59	-0.523599	-7.29417e-005	-1.8369	-0.913332
4.595	-0.523599	-0.00111803	-1.83846	-0.912337
4.6	-0.523599	-0.0021492	-1.83846	-0.911293
4.605	-0.523599	-0.00316603	-1.84002	-0.910203
4.61	-0.523599	-0.00416813	-1.84002	-0.909065
4.615	-0.523599	-0.00515513	-1.80773	-0.907882
4.62	-0.523599	-0.00612645	-1.80773	-0.906657
4.625	-0.523599	-0.00708111	-1.80927	-0.905396
4.63	-0.523599	-0.0080187	-1.80927	-0.904083
4.635	-0.523599	-0.00893977	-1.8108	-0.902717
4.64	-0.523599	-0.00984354	-1.8108	-0.901327
4.645	-0.523599	-0.0107292	-1.81233	-0.899886
4.65	-0.523599	-0.0115976	-1.81233	-0.89839
4.655	-0.523599	-0.0124492	-1.7794	-0.896855
4.66	-0.523599	-0.0132831	-1.7794	-0.895291
4.665	-0.523599	-0.0140987	-1.78091	-0.893688
4.67	-0.523599	-0.0148957	-1.78091	-0.892048
4.675	-0.523599	-0.0156744	-1.78241	-0.890362
4.68	-0.523599	-0.0164348	-1.78241	-0.888642
4.685	-0.523599	-0.0171766	-1.78392	-0.88689
4.69	-0.523599	-0.0178998	-1.78392	-0.885097
4.695	-0.523599	-0.0186044	-1.75046	-0.883275
4.7	-0.523599	-0.0192888	-1.75046	-0.881447
4.705	-0.523599	-0.0199532	-1.75194	-0.879556
4.71	-0.523599	-0.0205995	-1.75194	-0.877626
4.715	-0.523599	-0.0212272	-1.75342	-0.875679
4.72	-0.523599	-0.0218351	-1.75342	-0.873718
4.725	-0.523599	-0.0224227	-1.75489	-0.871721
4.73	-0.523599	-0.0229906	-1.75489	-0.869691
4.735	-0.523599	-0.0235388	-1.72108	-0.867641
4.74	-0.523599	-0.0240666	-1.72108	-0.865575
4.745	-0.523599	-0.0245746	-1.72253	-0.86346
4.75	-0.523599	-0.0250644	-1.72253	-0.861318
4.755	-0.523599	-0.0255352	-1.72398	-0.859168
4.76	-0.523599	-0.0259854	-1.72398	-0.857018
4.765	-0.523599	-0.0264162	-1.72543	-0.854808
4.77	-0.523599	-0.0268282	-1.72543	-0.852598
4.775	-0.523599	-0.0272206	-1.6913	-0.850371
4.78	-0.523599	-0.0275934	-1.6913	-0.848126
4.785	-0.523599	-0.0279467	-1.69272	-0.845864
4.79	-0.523599	-0.0282805	-1.69272	-0.843591
4.795	-0.523599	-0.0285952	-1.69414	-0.84129
4.8	-0.523599	-0.0288914	-1.69414	-0.838979
4.805	-0.523599	-0.0291689	-1.69556	-0.836658
4.81	-0.523599	-0.0294275	-1.69556	-0.834326
4.815	-0.523599	-0.0296674	-1.66118	-0.831985
4.82	-0.523599	-0.0298893	-1.66118	-0.829625
4.825	-0.523599	-0.030093	-1.66257	-0.827261
4.83	-0.523599	-0.0302787	-1.66257	-0.82489
4.835	-0.523599	-0.0304466	-1.66396	-0.822507
4.84	-0.523599	-0.0305972	-1.66396	-0.82012
4.845	-0.523599	-0.0307304	-1.66535	-0.817726
4.85	-0.523599	-0.0308462	-1.66535	-0.815338
4.855	-0.523599	-0.0309456	-1.63078	-0.812927
4.86	-0.523599	-0.0310285	-1.63078	-0.810521
4.865	-0.523599	-0.0310952	-1.63214	-0.808112
4.87	-0.523599	-0.0311459	-1.63214	-0.805701
4.875	-0.523599	-0.0311809	-1.6335	-0.80329
4.88	-0.523599	-0.0312006	-1.6335	-0.800878
4.885	-0.523599	-0.0312051	-1.63486	-0.798467
4.89	-0.523599	-0.0311949	-1.63486	-0.796057
4.895	-0.523599	-0.0311702	-1.60012	-0.793649
4.9	-0.523599	-0.0311314	-1.60012	-0.791244
4.905	-0.523599	-0.0310788	-1.60146	-0.788842
4.91	-0.523599	-0.0310127	-1.60146	-0.786445
4.915	-0.523599	-0.0309335	-1.60279	-0.784053
4.92	-0.523599	-0.0308416	-1.60279	-0.781666
4.925	-0.523599	-0.0307372	-1.60412	-0.779286
4.93	-0.523599	-0.0306208	-1.60412	-0.776912
4.935	-0.523599	-0.0304927	-1.56923	-0.774546
4.94	-0.523599	-0.0303533	-1.56923	-0.772187
4.945	-0.523599	-0.030203	-1.57053	-0.769838
4.95	-0.523599	-0.030042	-1.57053	-0.767498
4.955	-0.523599	-0.029871	-1.57183	-0.765167
4.96	-0.523599	-0.0296901	-1.57183	-0.762847
4.965	-0.523599	-0.0294998	-1.57314	-0.760537
4.97	-0.523599	-0.0293005	-1.57314	-0.758239
4.975	-0.523599	-0.0290926	-1.53807	-0.755952
4.98	-0.523599	-0