Time	Fin	pitch rate	Ki	Kacc	 Kg	K	Az Demand	Az
0	-0.00206511	0	37.2216	0.924183	0.405377	0.0139515	-1	0
0.001	-0.00379713	2.33603e-007	39.249	0.922104	0.375356	0.0130538	-1	-0.000892309
0.002	-0.00567973	2.37724e-006	39.2504	0.922103	0.375336	0.0130532	-1	-0.00162086
0.003	-0.00755781	1.40347e-005	39.2519	0.922101	0.375315	0.0130525	-1	-0.00193596
0.004	-0.00942737	4.80159e-005	39.2533	0.922099	0.375294	0.0130519	-1	-0.00159008
0.005	-0.0112829	0.000121157	39.2548	0.922097	0.375273	0.0130512	-1	-0.00046569
0.006	-0.0131178	0.000253018	39.2562	0.922096	0.375252	0.0130506	-1	0.00158556
0.007	-0.0149246	0.000464637	39.2576	0.922094	0.375231	0.0130499	-1	0.00462995
0.008	-0.0166958	0.000777765	39.2591	0.922092	0.375211	0.0130493	-1	0.00874463
0.009	-0.0184231	0.00121405	39.2605	0.92209	0.37519	0.0130486	-1	0.0139421
0.01	-0.0200985	0.00179427	39.262	0.922088	0.375169	0.0130479	-1	0.0202187
0.011	-0.0217143	0.00253767	39.2635	0.922086	0.375147	0.0130473	-1	0.0275313
0.012	-0.0232629	0.00346153	39.2649	0.922085	0.375126	0.0130466	-1	0.0358126
0.013	-0.0247375	0.00458068	39.2664	0.922083	0.375105	0.0130459	-1	0.0449698
0.014	-0.0261319	0.005907	39.2679	0.922081	0.375084	0.0130452	-1	0.054914
0.015	-0.0274411	0.00744893	39.2694	0.922078	0.375062	0.0130445	-1	0.0655677
0.016	-0.0286608	0.00921177	39.271	0.922076	0.37504	0.0130438	-1	0.0768155
0.017	-0.0297873	0.0111986	39.2725	0.922074	0.375018	0.0130431	-1	0.0885137
0.018	-0.0308175	0.013411	39.2741	0.922072	0.374996	0.0130423	-1	0.100551
0.019	-0.0317485	0.0158485	39.2757	0.922069	0.374973	0.0130416	-1	0.112853
0.02	-0.0325783	0.0185087	39.2774	0.922067	0.37495	0.0130408	-1	0.12532
0.021	-0.0333055	0.0213868	39.279	0.922064	0.374927	0.01304	-1	0.137829
0.022	-0.0339295	0.024476	39.2807	0.922061	0.374904	0.0130392	-1	0.150243
0.023	-0.0344505	0.0277669	39.2825	0.922058	0.37488	0.0130384	-1	0.162447
0.024	-0.0348695	0.0312476	39.2842	0.922055	0.374856	0.0130375	-1	0.174329
0.025	-0.0351886	0.0349039	39.2861	0.922052	0.374831	0.0130367	-1	0.185793
0.026	-0.0354104	0.0387202	39.2879	0.922048	0.374806	0.0130358	-1	0.196729
0.027	-0.0355378	0.0426799	39.2898	0.922045	0.37478	0.0130348	-1	0.207022
0.028	-0.0355742	0.0467659	39.2917	0.922041	0.374755	0.0130339	-1	0.216572
0.029	-0.0355232	0.0509606	39.2937	0.922037	0.374728	0.0130329	-1	0.225306
0.03	-0.0353892	0.0552445	39.2958	0.922033	0.374701	0.0130319	-1	0.233229
0.031	-0.0351807	0.0595912	39.2978	0.922029	0.374674	0.0130309	-1	0.240804
0.032	-0.0349039	0.063977	39.2999	0.922024	0.374646	0.0130298	-1	0.247177
0.033	-0.0345621	0.0683864	39.3021	0.92202	0.374618	0.0130287	-1	0.252301
0.034	-0.034155	0.0728112	39.3043	0.922015	0.37459	0.0130276	-1	0.255609
0.035	-0.0336807	0.0772486	39.3066	0.92201	0.37456	0.0130265	-1	0.257276
0.036	-0.0331424	0.0816867	39.3089	0.922004	0.374531	0.0130253	-1	0.258283
0.037	-0.0325863	0.0859728	39.3112	0.921999	0.374501	0.0130241	-1	0.251664
0.038	-0.0320153	0.0901207	39.3136	0.921994	0.37447	0.0130229	-1	0.248435
0.039	-0.03142	0.0941569	39.3161	0.921988	0.37444	0.0130217	-1	0.244677
0.04	-0.0307999	0.0980847	39.3185	0.921982	0.374408	0.0130204	-1	0.240401
0.041	-0.0301523	0.101912	39.321	0.921976	0.374377	0.0130191	-1	0.235227
0.042	-0.0294723	0.105649	39.3236	0.92197	0.374345	0.0130178	-1	0.229105
0.043	-0.0287582	0.109304	39.3261	0.921964	0.374312	0.0130165	-1	0.222696
0.044	-0.0280121	0.112874	39.3287	0.921957	0.37428	0.0130151	-1	0.216228
0.045	-0.0272367	0.116355	39.3314	0.921951	0.374247	0.0130138	-1	0.209693
0.046	-0.0264346	0.119743	39.334	0.921944	0.374213	0.0130124	-1	0.203015
0.047	-0.0256077	0.123035	39.3368	0.921937	0.37418	0.013011	-1	0.196082
0.048	-0.0247563	0.126233	39.3395	0.92193	0.374146	0.0130096	-1	0.188734
0.049	-0.0238796	0.129339	39.3423	0.921923	0.374111	0.0130081	-1	0.180839
0.05	-0.0229756	0.13236	39.3451	0.921916	0.374077	0.0130066	-1	0.172343
0.051	-0.0220421	0.135302	39.3479	0.921909	0.374042	0.0130052	-1	0.163258
0.052	-0.0210766	0.138171	39.3508	0.921902	0.374006	0.0130037	-1	0.153537
0.053	-0.0200762	0.140975	39.3537	0.921894	0.373971	0.0130022	-1	0.143223
0.054	-0.0190396	0.143719	39.3566	0.921886	0.373935	0.0130006	-1	0.132593
0.055	-0.0179677	0.146402	39.3595	0.921879	0.373899	0.0129991	-1	0.121891
0.056	-0.0168629	0.14902	39.3625	0.921871	0.373863	0.0129975	-1	0.111197
0.057	-0.0157279	0.151569	39.3655	0.921863	0.373827	0.012996	-1	0.100485
0.058	-0.014565	0.154045	39.3685	0.921855	0.37379	0.0129944	-1	0.0896837
0.059	-0.0133753	0.156446	39.3715	0.921847	0.373753	0.0129928	-1	0.0786344
0.06	-0.0121585	0.158776	39.3746	0.921839	0.373716	0.0129912	-1	0.0671331
0.061	-0.0109125	0.161038	39.3776	0.921831	0.373678	0.0129896	-1	0.0550824
0.062	-0.00963511	0.163239	39.3808	0.921822	0.37364	0.0129879	-1	0.0425236
0.063	-0.00832421	0.165386	39.3839	0.921814	0.373602	0.0129863	-1	0.0294761
0.064	-0.0069773	0.167483	39.387	0.921805	0.373564	0.0129846	-1	0.0159026
0.065	-0.00559453	0.169533	39.3902	0.921797	0.373526	0.0129829	-1	0.00233552
0.066	-0.00417679	0.171534	39.3934	0.921788	0.373488	0.0129813	-1	-0.0114513
0.067	-0.00272434	0.173486	39.3966	0.921779	0.373449	0.0129796	-1	-0.0254218
0.068	-0.00123769	0.175389	39.3998	0.92177	0.37341	0.0129779	-1	-0.0395534
0.069	0.000282535	0.177243	39.4031	0.921762	0.373371	0.0129761	-1	-0.0538433
0.07	0.00183573	0.179048	39.4063	0.921753	0.373332	0.0129744	-1	-0.0682973
0.071	0.00342141	0.180803	39.4096	0.921744	0.373292	0.0129727	-1	-0.0829347
0.072	0.00503925	0.182508	39.4129	0.921734	0.373253	0.0129709	-1	-0.097774
0.073	0.0066888	0.184164	39.4162	0.921725	0.373213	0.0129692	-1	-0.112778
0.074	0.00837188	0.185774	39.4195	0.921716	0.373173	0.0129674	-1	-0.128341
0.075	0.010091	0.187346	39.4229	0.921707	0.373133	0.0129656	-1	-0.144318
0.076	0.0118487	0.188884	39.4263	0.921697	0.373093	0.0129638	-1	-0.160803
0.077	0.013646	0.190392	39.4296	0.921688	0.373052	0.012962	-1	-0.177379
0.078	0.0154822	0.19187	39.433	0.921679	0.373012	0.0129602	-1	-0.194025
0.079	0.0173565	0.193315	39.4364	0.921669	0.372971	0.0129584	-1	-0.210749
0.08	0.0192683	0.194728	39.4398	0.92166	0.372931	0.0129566	-1	-0.227572
0.081	0.0212171	0.196108	39.4432	0.92165	0.37289	0.0129548	-1	-0.244519
0.082	0.0232027	0.197455	39.4467	0.92164	0.372849	0.012953	-1	-0.261616
0.083	0.0252251	0.198769	39.4501	0.921631	0.372808	0.0129512	-1	-0.278887
0.084	0.0272846	0.200051	39.4536	0.921621	0.372767	0.0129493	-1	-0.296348
0.085	0.0293815	0.201304	39.4571	0.921611	0.372725	0.0129475	-1	-0.314003
0.086	0.0315162	0.202527	39.4605	0.921601	0.372684	0.0129456	-1	-0.33185
0.087	0.0336891	0.203723	39.464	0.921592	0.372642	0.0129438	-1	-0.34988
0.088	0.0359006	0.204893	39.4675	0.921582	0.372601	0.0129419	-1	-0.368073
0.089	0.0381507	0.206037	39.471	0.921572	0.372559	0.01294	-1	-0.386402
0.09	0.0404394	0.207156	39.4746	0.921562	0.372517	0.0129382	-1	-0.404843
0.091	0.0427664	0.20825	39.4781	0.921552	0.372476	0.0129363	-1	-0.423383
0.092	0.0451315	0.209318	39.4816	0.921542	0.372434	0.0129344	-1	-0.442019
0.093	0.0475343	0.21036	39.4852	0.921532	0.372392	0.0129325	-1	-0.460757
0.094	0.0499746	0.211377	39.4887	0.921522	0.372349	0.0129306	-1	-0.479614
0.095	0.0524525	0.212368	39.4923	0.921512	0.372307	0.0129287	-1	-0.498606
0.096	0.0549682	0.213335	39.4959	0.921501	0.372265	0.0129268	-1	-0.517751
0.097	0.0575219	0.214278	39.4995	0.921491	0.372223	0.0129249	-1	-0.537057
0.098	0.0601141	0.215199	39.503	0.921481	0.37218	0.012923	-1	-0.556523
0.099	0.0627451	0.2161	39.5066	0.921471	0.372138	0.0129211	-1	-0.576141
0.1	0.0654153	0.21698	39.5102	0.92146	0.372095	0.0129192	-1	-0.595902
0.101	0.068125	0.217841	39.5139	0.92145	0.372052	0.0129173	-1	-0.615791
0.102	0.0708742	0.218684	39.5175	0.92144	0.37201	0.0129153	-1	-0.635785
0.103	0.0736628	0.219509	39.5211	0.921429	0.371967	0.0129134	-1	-0.655865
0.104	0.0764908	0.220315	39.5247	0.921419	0.371924	0.0129115	-1	-0.676019
0.105	0.0793579	0.221103	39.5284	0.921409	0.371881	0.0129095	-1	-0.696244
0.106	0.0822637	0.221873	39.532	0.921398	0.371838	0.0129076	-1	-0.716545
0.107	0.0852082	0.222623	39.5356	0.921388	0.371795	0.0129057	-1	-0.736931
0.108	0.0881914	0.223355	39.5393	0.921377	0.371752	0.0129037	-1	-0.75742
0.109	0.0912132	0.224069	39.543	0.921367	0.371709	0.0129018	-1	-0.778026
0.11	0.0942741	0.224766	39.5466	0.921356	0.371666	0.0128998	-1	-0.798753
0.111	0.0973742	0.225446	39.5503	0.921346	0.371623	0.0128979	-1	-0.819603
0.112	0.100514	0.226111	39.554	0.921335	0.37158	0.0128959	-1	-0.840569
0.113	0.103693	0.226762	39.5576	0.921325	0.371536	0.012894	-1	-0.861642
0.114	0.106913	0.227398	39.5613	0.921314	0.371493	0.012892	-1	-0.882812
0.115	0.110173	0.228021	39.565	0.921304	0.371451	0.0128901	-1	-0.904064
0.116	0.113474	0.228631	39.5688	0.921293	0.371412	0.0128882	-1	-0.925382
0.117	0.116815	0.229227	39.5726	0.921282	0.371373	0.0128864	-1	-0.946756
0.118	0.120195	0.229809	39.5764	0.921272	0.371334	0.0128845	-1	-0.968184
0.119	0.123615	0.230378	39.5802	0.921261	0.371295	0.0128827	-1	-0.989665
0.12	0.127075	0.230932	39.5841	0.921251	0.371256	0.0128808	-1	-1.01121
0.121	0.130573	0.231472	39.5879	0.92124	0.371217	0.012879	-1	-1.03281
0.122	0.134111	0.231998	39.5917	0.921229	0.371178	0.0128771	-1	-1.05447
0.123	0.137687	0.232509	39.5955	0.921219	0.371139	0.0128753	-1	-1.07615
0.124	0.141302	0.233005	39.5993	0.921208	0.3711	0.0128734	-1	-1.09799
0.125	0.144957	0.23349	39.6032	0.921197	0.371061	0.0128715	-1	-1.11996
0.126	0.148653	0.233964	39.607	0.921187	0.371021	0.0128697	-1	-1.14214
0.127	0.152389	0.234429	39.6108	0.921176	0.370982	0.0128678	-1	-1.16431
0.128	0.156166	0.234884	39.6147	0.921165	0.370943	0.0128659	-1	-1.18655
0.129	0.159983	0.23533	39.6185	0.921154	0.370904	0.0128641	-1	-1.20883
0.13	0.163841	0.235766	39.6223	0.921144	0.370864	0.0128622	-1	-1.23116
0.131	0.167739	0.236192	39.6262	0.921133	0.370825	0.0128603	-1	-1.25353
0.132	0.171677	0.236609	39.63	0.921122	0.370786	0.0128585	-1	-1.27595
0.133	0.175656	0.237015	39.6339	0.921111	0.370746	0.0128566	-1	-1.29842
0.134	0.179674	0.237411	39.6377	0.921101	0.370707	0.0128547	-1	-1.32093
0.135	0.183733	0.237798	39.6416	0.92109	0.370668	0.0128529	-1	-1.3435
0.136	0.187831	0.238175	39.6454	0.921079	0.370628	0.012851	-1	-1.36613
0.137	0.191969	0.238542	39.6493	0.921068	0.370589	0.0128491	-1	-1.38882
0.138	0.196148	0.2389	39.6531	0.921057	0.37055	0.0128472	-1	-1.41156
0.139	0.200366	0.239249	39.657	0.921047	0.37051	0.0128454	-1	-1.43437
0.14	0.204624	0.239589	39.6608	0.921036	0.370471	0.0128435	-1	-1.45723
0.141	0.208923	0.239921	39.6647	0.921025	0.370431	0.0128416	-1	-1.48014
0.142	0.213262	0.240244	39.6685	0.921014	0.370392	0.0128398	-1	-1.50309
0.143	0.217641	0.24056	39.6724	0.921003	0.370353	0.0128379	-1	-1.52609
0.144	0.22206	0.240867	39.6762	0.920992	0.370313	0.012836	-1	-1.54913
0.145	0.226519	0.241166	39.6801	0.920982	0.370274	0.0128341	-1	-1.57221
0.146	0.231018	0.241457	39.684	0.920971	0.370234	0.0128323	-1	-1.59532
0.147	0.235557	0.241739	39.6878	0.92096	0.370195	0.0128304	-1	-1.61847
0.148	0.240136	0.242014	39.6917	0.920949	0.370156	0.0128285	-1	-1.64166
0.149	0.244754	0.24228	39.6955	0.920938	0.370116	0.0128266	-1	-1.66489
0.15	0.249412	0.242539	39.6994	0.920927	0.370077	0.0128247	-1	-1.68816
0.151	0.25411	0.24279	39.7033	0.920917	0.370037	0.0128229	-1	-1.71148
0.152	0.258848	0.243034	39.7071	0.920906	0.369998	0.012821	-1	-1.73484
0.153	0.263626	0.24327	39.711	0.920895	0.369959	0.0128191	-1	-1.75824
0.154	0.268444	0.243499	39.7148	0.920884	0.369919	0.0128172	-1	-1.78168
0.155	0.273301	0.243721	39.7187	0.920873	0.36988	0.0128154	-1	-1.80515
0.156	0.278198	0.243936	39.7225	0.920862	0.369841	0.0128135	-1	-1.82862
0.157	0.283134	0.244143	39.7264	0.920852	0.369801	0.0128116	-1	-1.85208
0.158	0.28811	0.244343	39.7303	0.920841	0.369762	0.0128097	-1	-1.87559
0.159	0.293125	0.244534	39.7341	0.92083	0.369723	0.0128079	-1	-1.89916
0.16	0.298179	0.244719	39.738	0.920819	0.369683	0.012806	-1	-1.92281
0.161	0.303273	0.244899	39.7418	0.920808	0.369644	0.0128041	-1	-1.9465
0.162	0.308407	0.245072	39.7457	0.920797	0.369605	0.0128023	-1	-1.9702
0.163	0.313581	0.245239	39.7495	0.920787	0.369565	0.0128004	-1	-1.99391
0.164	0.318794	0.2454	39.7534	0.920776	0.369526	0.0127985	-1	-2.01763
0.165	0.324047	0.245555	39.7572	0.920765	0.369487	0.0127967	-1	-2.04137
0.166	0.329338	0.245703	39.7611	0.920754	0.369448	0.0127948	-1	-2.06515
0.167	0.33467	0.245845	39.7649	0.920743	0.369409	0.0127929	-1	-2.08897
0.168	0.34004	0.245981	39.7688	0.920733	0.369369	0.0127911	-1	-2.11284
0.169	0.34545	0.246112	39.7726	0.920722	0.36933	0.0127892	-1	-2.13672
0.17	0.3509	0.246236	39.7765	0.920711	0.369291	0.0127873	-1	-2.16058
0.171	0.356388	0.246355	39.7803	0.9207	0.369252	0.0127855	-1	-2.18443
0.172	0.361915	0.246467	39.7841	0.920689	0.369213	0.0127836	-1	-2.20837
0.173	0.367482	0.246574	39.788	0.920679	0.369174	0.0127817	-1	-2.23232
0.174	0.373087	0.246675	39.7918	0.920668	0.369135	0.0127799	-1	-2.2563
0.175	0.378732	0.246771	39.7956	0.920657	0.369096	0.012778	-1	-2.28028
0.176	0.384416	0.246861	39.7995	0.920646	0.369057	0.0127762	-1	-2.30428
0.177	0.390139	0.246946	39.8033	0.920635	0.369018	0.0127743	-1	-2.32832
0.178	0.395901	0.247027	39.8071	0.920625	0.368979	0.0127724	-1	-2.35236
0.179	0.401702	0.247101	39.811	0.920614	0.36894	0.0127706	-1	-2.3764
0.18	0.407541	0.247171	39.8148	0.920603	0.368901	0.0127687	-1	-2.40043
0.181	0.413419	0.247235	39.8186	0.920593	0.368862	0.0127669	-1	-2.4245
0.182	0.419336	0.247294	39.8224	0.920582	0.368823	0.012765	-1	-2.44859
0.183	0.425292	0.247347	39.8262	0.920571	0.368784	0.0127632	-1	-2.4727
0.184	0.431286	0.247396	39.8301	0.92056	0.368746	0.0127613	-1	-2.49681
0.185	0.437319	0.24744	39.8339	0.92055	0.368707	0.0127595	-1	-2.52094
0.186	0.44339	0.247479	39.8377	0.920539	0.368668	0.0127577	-1	-2.54507
0.187	0.4495	0.247512	39.8415	0.920528	0.368629	0.0127558	-1	-2.56922
0.188	0.455648	0.247541	39.8453	0.920518	0.368591	0.012754	-1	-2.59337
0.189	0.461835	0.247566	39.8491	0.920507	0.368552	0.0127521	-1	-2.61753
0.19	0.46806	0.247585	39.8529	0.920496	0.368514	0.0127503	-1	-2.6417
0.191	0.474323	0.2476	39.8567	0.920486	0.368475	0.0127485	-1	-2.66587
0.192	0.480624	0.247609	39.8605	0.920475	0.368437	0.0127466	-1	-2.69006
0.193	0.486963	0.247615	39.8643	0.920464	0.368398	0.0127448	-1	-2.71424
0.194	0.493341	0.247615	39.868	0.920454	0.36836	0.012743	-1	-2.73843
0.195	0.499756	0.247611	39.8718	0.920443	0.368321	0.0127411	-1	-2.76263
0.196	0.506209	0.247603	39.8756	0.920433	0.368283	0.0127393	-1	-2.78683
0.197	0.5127	0.24759	39.8794	0.920422	0.368244	0.0127375	-1	-2.81103
0.198	0.519229	0.247572	39.8831	0.920411	0.368206	0.0127357	-1	-2.83524
0.199	0.523599	0.24755	39.8869	0.920401	0.368168	0.0127339	-1	-2.85944
0.2	0.523599	0.247523	39.8907	0.92039	0.36813	0.012732	-1	-2.88365
0.201	0.523599	0.247492	39.8944	0.92038	0.368091	0.0127302	-1	-2.90786
0.202	0.523599	0.247457	39.8982	0.920369	0.368053	0.0127284	-1	-2.93207
0.203	0.523599	0.247417	39.902	0.920359	0.368015	0.0127266	-1	-2.95627
0.204	0.523599	0.247373	39.9057	0.920348	0.367977	0.0127248	-1	-2.98048
0.205	0.523599	0.247325	39.9095	0.920338	0.367939	0.012723	-1	-3.00468
0.206	0.523599	0.247273	39.9132	0.920327	0.367901	0.0127212	-1	-3.02889
0.207	0.523599	0.247216	39.9169	0.920317	0.367863	0.0127194	-1	-3.05309
0.208	0.523599	0.247155	39.9207	0.920306	0.367825	0.0127176	-1	-3.07728
0.209	0.523599	0.24709	39.9244	0.920296	0.367788	0.0127158	-1	-3.10147
0.21	0.523599	0.247021	39.9281	0.920285	0.36775	0.012714	-1	-3.12565
0.211	0.523599	0.246948	39.9319	0.920275	0.367712	0.0127122	-1	-3.14984
0.212	0.523599	0.24687	39.9356	0.920265	0.367674	0.0127104	-1	-3.17401
0.213	0.523599	0.246789	39.9393	0.920254	0.367637	0.0127086	-1	-3.19818
0.214	0.523599	0.246704	39.943	0.920244	0.367599	0.0127068	-1	-3.22234
0.215	0.523599	0.246614	39.9467	0.920233	0.367561	0.012705	-1	-3.24649
0.216	0.523599	0.246521	39.9504	0.920223	0.367524	0.0127033	-1	-3.27064
0.217	0.523599	0.246424	39.9541	0.920213	0.367486	0.0127015	-1	-3.29478
0.218	0.523599	0.246323	39.9578	0.920202	0.367449	0.0126997	-1	-3.31891
0.219	0.523599	0.246218	39.9615	0.920192	0.367412	0.0126979	-1	-3.34302
0.22	0.523599	0.246109	39.9652	0.920182	0.367374	0.0126962	-1	-3.36713
0.221	0.523599	0.245996	39.9689	0.920172	0.367337	0.0126944	-1	-3.39123
0.222	0.523599	0.24588	39.9725	0.920161	0.3673	0.0126926	-1	-3.41531
0.223	0.523599	0.24576	39.9762	0.920151	0.367263	0.0126909	-1	-3.43939
0.224	0.523599	0.245636	39.9799	0.920141	0.367225	0.0126891	-1	-3.46347
0.225	0.523599	0.245509	39.9835	0.920131	0.367188	0.0126873	-1	-3.48749
0.226	0.523599	0.245378	39.9872	0.920121	0.367151	0.0126856	-1	-3.5115
0.227	0.523599	0.245243	39.9908	0.92011	0.367114	0.0126838	-1	-3.53553
0.228	0.523599	0.245104	39.9945	0.9201	0.367077	0.0126821	-1	-3.55953
0.229	0.523599	0.244962	39.9981	0.92009	0.367041	0.0126803	-1	-3.58353
0.23	0.523599	0.244816	40.0018	0.92008	0.367004	0.0126786	-1	-3.60749
0.231	0.523599	0.244667	40.0054	0.92007	0.366967	0.0126768	-1	-3.63145
0.232	0.523599	0.244514	40.009	0.92006	0.36693	0.0126751	-1	-3.6554
0.233	0.523599	0.244358	40.0127	0.92005	0.366894	0.0126734	-1	-3.67932
0.234	0.523599	0.244198	40.0163	0.92004	0.366857	0.0126716	-1	-3.70323
0.235	0.523599	0.244035	40.0199	0.920029	0.36682	0.0126699	-1	-3.72712
0.236	0.523599	0.243868	40.0235	0.920019	0.366784	0.0126682	-1	-3.75099
0.237	0.523599	0.243699	40.0271	0.920009	0.366747	0.0126664	-1	-3.77486
0.238	0.523599	0.243526	40.0307	0.919999	0.366711	0.0126647	-1	-3.79867
0.239	0.523599	0.243349	40.0343	0.919989	0.366675	0.012663	-1	-3.82246
0.24	0.523599	0.243169	40.0379	0.919979	0.366639	0.0126613	-1	-3.84625
0.241	0.523599	0.242986	40.0415	0.91997	0.366602	0.0126596	-1	-3.87002
0.242	0.523599	0.242799	40.045	0.91996	0.366566	0.0126579	-1	-3.89377
0.243	0.523599	0.242609	40.0486	0.91995	0.36653	0.0126562	-1	-3.9175
0.244	0.523599	0.242416	40.0522	0.91994	0.366494	0.0126545	-1	-3.9412
0.245	0.523599	0.24222	40.0557	0.91993	0.366458	0.0126528	-1	-3.96488
0.246	0.523599	0.242021	40.0593	0.91992	0.366422	0.0126511	-1	-3.98855
0.247	0.523599	0.241818	40.0628	0.91991	0.366386	0.0126494	-1	-4.01216
0.248	0.523599	0.241613	40.0664	0.9199	0.36635	0.0126477	-1	-4.03576
0.249	0.523599	0.241404	40.0699	0.919891	0.366315	0.012646	-1	-4.05934
0.25	0.523599	0.241192	40.0735	0.919881	0.366279	0.0126443	-1	-4.0829
0.251	0.523599	0.240977	40.077	0.919871	0.366243	0.0126426	-1	-4.10644
0.252	0.523599	0.240759	40.0805	0.919861	0.366208	0.0126409	-1	-4.12993
0.253	0.523599	0.240539	40.084	0.919852	0.366172	0.0126393	-1	-4.15341
0.254	0.523599	0.240315	40.0875	0.919842	0.366137	0.0126376	-1	-4.17686
0.255	0.523599	0.240088	40.091	0.919832	0.366102	0.0126359	-1	-4.20028
0.256	0.523599	0.239858	40.0945	0.919823	0.366066	0.0126343	-1	-4.22367
0.257	0.523599	0.239626	40.098	0.919813	0.366031	0.0126326	-1	-4.24704
0.258	0.523599	0.23939	40.1015	0.919803	0.365996	0.0126309	-1	-4.27037
0.259	0.523599	0.239152	40.105	0.919794	0.365961	0.0126293	-1	-4.29368
0.26	0.523599	0.238911	40.1085	0.919784	0.365926	0.0126276	-1	-4.31696
0.261	0.523599	0.238667	40.1119	0.919775	0.365891	0.012626	-1	-4.3402
0.262	0.523599	0.23842	40.1154	0.919765	0.365856	0.0126243	-1	-4.36342
0.263	0.523599	0.238171	40.1188	0.919756	0.365821	0.0126227	-1	-4.3866
0.264	0.523599	0.237919	40.1223	0.919746	0.365786	0.0126211	-1	-4.40975
0.265	0.523599	0.237664	40.1257	0.919737	0.365751	0.0126194	-1	-4.43287
0.266	0.523599	0.237407	40.1292	0.919727	0.365717	0.0126178	-1	-4.45596
0.267	0.523599	0.237147	40.1326	0.919718	0.365682	0.0126162	-1	-4.479
0.268	0.523599	0.236884	40.136	0.919708	0.365648	0.0126145	-1	-4.50202
0.269	0.523599	0.236619	40.1394	0.919699	0.365613	0.0126129	-1	-4.52501
0.27	0.523599	0.236351	40.1429	0.919689	0.365579	0.0126113	-1	-4.54796
0.271	0.523599	0.23608	40.1463	0.91968	0.365544	0.0126097	-1	-4.57087
0.272	0.523599	0.235808	40.1497	0.919671	0.36551	0.0126081	-1	-4.59375
0.273	0.523599	0.235532	40.1531	0.919661	0.365476	0.0126065	-1	-4.61659
0.274	0.523599	0.235254	40.1564	0.919652	0.365442	0.0126049	-1	-4.6394
0.275	0.523599	0.234974	40.1598	0.919643	0.365408	0.0126033	-1	-4.66217
0.276	0.523599	0.234691	40.1632	0.919634	0.365374	0.0126017	-1	-4.68491
0.277	0.523599	0.234406	40.1666	0.919624	0.36534	0.0126001	-1	-4.70761
0.278	0.523599	0.234119	40.1699	0.919615	0.365306	0.0125985	-1	-4.73027
0.279	0.523599	0.233829	40.1733	0.919606	0.365272	0.0125969	-1	-4.75289
0.28	0.523599	0.233537	40.1766	0.919597	0.365238	0.0125953	-1	-4.77547
0.281	0.523599	0.233242	40.18	0.919588	0.365205	0.0125937	-1	-4.79801
0.282	0.523599	0.232946	40.1833	0.919579	0.365171	0.0125922	-1	-4.82052
0.283	0.523599	0.232647	40.1866	0.91957	0.365138	0.0125906	-1	-4.84298
0.284	0.523599	0.232346	40.19	0.91956	0.365104	0.012589	-1	-4.86541
0.285	0.523599	0.232042	40.1933	0.919551	0.365071	0.0125875	-1	-4.88779
0.286	0.523599	0.231737	40.1966	0.919542	0.365038	0.0125859	-1	-4.91014
0.287	0.523599	0.231429	40.1999	0.919533	0.365004	0.0125843	-1	-4.93244
0.288	0.523599	0.23112	40.2032	0.919524	0.364971	0.0125828	-1	-4.9547
0.289	0.523599	0.230808	40.2065	0.919515	0.364938	0.0125812	-1	-4.97692
0.29	0.523599	0.230494	40.2097	0.919507	0.364905	0.0125797	-1	-4.9991
0.291	0.523599	0.230178	40.213	0.919498	0.364872	0.0125781	-1	-5.02123
0.292	0.523599	0.22986	40.2163	0.919489	0.364839	0.0125766	-1	-5.04332
0.293	0.523599	0.22954	40.2195	0.91948	0.364806	0.0125751	-1	-5.06537
0.294	0.523599	0.229218	40.2228	0.919471	0.364774	0.0125735	-1	-5.08738
0.295	0.523599	0.228894	40.226	0.919462	0.364741	0.012572	-1	-5.10934
0.296	0.523599	0.228568	40.2293	0.919453	0.364708	0.0125705	-1	-5.13126
0.297	0.523599	0.228241	40.2325	0.919445	0.364676	0.012569	-1	-5.15313
0.298	0.523599	0.227911	40.2357	0.919436	0.364643	0.0125675	-1	-5.17496
0.299	0.523599	0.22758	40.239	0.919427	0.364611	0.0125659	-1	-5.19674
0.3	0.523599	0.227247	40.2422	0.919418	0.364579	0.0125644	-1	-5.21847
0.301	0.523599	0.226912	40.2454	0.91941	0.364547	0.0125629	-1	-5.24016
0.302	0.523599	0.226575	40.2486	0.919401	0.364514	0.0125614	-1	-5.26181
0.303	0.523599	0.226236	40.2518	0.919392	0.364482	0.0125599	-1	-5.28341
0.304	0.523599	0.225896	40.2549	0.919384	0.36445	0.0125584	-1	-5.30496
0.305	0.523599	0.225554	40.2581	0.919375	0.364418	0.012557	-1	-5.32646
0.306	0.523599	0.22521	40.2613	0.919367	0.364386	0.0125555	-1	-5.34792
0.307	0.523599	0.224865	40.2645	0.919358	0.364355	0.012554	-1	-5.36932
0.308	0.523599	0.224518	40.2676	0.91935	0.364323	0.0125525	-1	-5.39068
0.309	0.523599	0.22417	40.2708	0.919341	0.364291	0.012551	-1	-5.412
0.31	0.523599	0.22382	40.2739	0.919333	0.36426	0.0125496	-1	-5.43326
0.311	0.523599	0.223468	40.277	0.919324	0.364228	0.0125481	-1	-5.45447
0.312	0.523599	0.223115	40.2802	0.919316	0.364197	0.0125466	-1	-5.47564
0.313	0.523599	0.22276	40.2833	0.919307	0.364166	0.0125452	-1	-5.49675
0.314	0.523599	0.222404	40.2864	0.919299	0.364134	0.0125437	-1	-5.51782
0.315	0.523599	0.222047	40.2895	0.919291	0.364103	0.0125423	-1	-5.53883
0.316	0.523599	0.221688	40.2926	0.919282	0.364072	0.0125408	-1	-5.5598
0.317	0.523599	0.221327	40.2957	0.919274	0.364041	0.0125394	-1	-5.58071
0.318	0.523599	0.220965	40.2988	0.919266	0.36401	0.012538	-1	-5.60158
0.319	0.523599	0.220602	40.3019	0.919258	0.363979	0.0125365	-1	-5.62239
0.32	0.523599	0.220238	40.3049	0.919249	0.363948	0.0125351	-1	-5.64315
0.321	0.523599	0.219872	40.308	0.919241	0.363917	0.0125337	-1	-5.66386
0.322	0.523599	0.219505	40.311	0.919233	0.363887	0.0125323	-1	-5.68452
0.323	0.523599	0.219136	40.3141	0.919225	0.363856	0.0125308	-1	-5.70512
0.324	0.523599	0.218767	40.3171	0.919217	0.363826	0.0125294	-1	-5.72567
0.325	0.523599	0.218396	40.3202	0.919209	0.363795	0.012528	-1	-5.74617
0.326	0.523599	0.218024	40.3232	0.9192	0.363765	0.0125266	-1	-5.76662
0.327	0.523599	0.217651	40.3262	0.919192	0.363735	0.0125252	-1	-5.78701
0.328	0.523599	0.217277	40.3292	0.919184	0.363704	0.0125238	-1	-5.80735
0.329	0.523599	0.216901	40.3322	0.919176	0.363674	0.0125224	-1	-5.82764
0.33	0.523599	0.216525	40.3352	0.919168	0.363644	0.012521	-1	-5.84788
0.331	0.523599	0.216147	40.3382	0.91916	0.363614	0.0125196	-1	-5.86805
0.332	0.523599	0.215768	40.3412	0.919152	0.363584	0.0125183	-1	-5.88818
0.333	0.523599	0.215388	40.3442	0.919145	0.363554	0.0125169	-1	-5.90825
0.334	0.523599	0.215008	40.3471	0.919137	0.363525	0.0125155	-1	-5.92827
0.335	0.523599	0.214626	40.3501	0.919129	0.363495	0.0125141	-1	-5.94823
0.336	0.523599	0.214243	40.353	0.919121	0.363465	0.0125128	-1	-5.96813
0.337	0.523599	0.21386	40.356	0.919113	0.363436	0.0125114	-1	-5.98798
0.338	0.523599	0.213475	40.3589	0.919105	0.363406	0.01251	-1	-6.00779
0.339	0.523599	0.21309	40.3619	0.919098	0.363377	0.0125087	-1	-6.02751
0.34	0.523599	0.212704	40.3648	0.91909	0.363348	0.0125073	-1	-6.04719
0.341	0.523599	0.212317	40.3677	0.919082	0.363319	0.012506	-1	-6.06682
0.342	0.523599	0.211929	40.3706	0.919075	0.363289	0.0125047	-1	-6.08639
0.343	0.523599	0.21154	40.3735	0.919067	0.36326	0.0125033	-1	-6.10591
0.344	0.523599	0.211151	40.3764	0.919059	0.363231	0.012502	-1	-6.12539
0.345	0.523599	0.210761	40.3793	0.919052	0.363202	0.0125007	-1	-6.14477
0.346	0.523599	0.21037	40.3822	0.919044	0.363174	0.0124993	-1	-6.16409
0.347	0.523599	0.209978	40.385	0.919036	0.363145	0.012498	-1	-6.18339
0.348	0.523599	0.209585	40.3879	0.919029	0.363116	0.0124967	-1	-6.20262
0.349	0.523599	0.209192	40.3907	0.919021	0.363088	0.0124954	-1	-6.22179
0.35	0.523599	0.208798	40.3936	0.919014	0.363059	0.0124941	-1	-6.2409
0.351	0.523599	0.208404	40.3964	0.919006	0.363031	0.0124928	-1	-6.25995
0.352	0.523599	0.208009	40.3993	0.918999	0.363002	0.0124915	-1	-6.27896
0.353	0.523599	0.207613	40.4021	0.918992	0.362974	0.0124902	-1	-6.2979
0.354	0.523599	0.207217	40.4049	0.918984	0.362946	0.0124889	-1	-6.31678
0.355	0.523599	0.20682	40.4077	0.918977	0.362917	0.0124876	-1	-6.33561
0.356	0.523599	0.206423	40.4105	0.91897	0.362889	0.0124863	-1	-6.35437
0.357	0.523599	0.206025	40.4133	0.918962	0.362861	0.012485	-1	-6.37308
0.358	0.523599	0.205626	40.4161	0.918955	0.362833	0.0124837	-1	-6.39172
0.359	0.523599	0.205228	40.4189	0.918948	0.362806	0.0124825	-1	-6.41031
0.36	0.523599	0.204828	40.4217	0.91894	0.362778	0.0124812	-1	-6.42885
0.361	0.523599	0.204429	40.4244	0.918933	0.36275	0.0124799	-1	-6.44732
0.362	0.523599	0.204029	40.4272	0.918926	0.362723	0.0124787	-1	-6.46572
0.363	0.523599	0.203629	40.4299	0.918919	0.362695	0.0124774	-1	-6.48407
0.364	0.523599	0.203228	40.4327	0.918912	0.362667	0.0124762	-1	-6.50237
0.365	0.523599	0.202827	40.4354	0.918905	0.36264	0.0124749	-1	-6.5206
0.366	0.523599	0.202425	40.4382	0.918898	0.362613	0.0124737	-1	-6.53877
0.367	0.523599	0.202024	40.4409	0.918891	0.362586	0.0124724	-1	-6.55689
0.368	0.523599	0.201622	40.4436	0.918883	0.362558	0.0124712	-1	-6.57495
0.369	0.523599	0.201219	40.4463	0.918876	0.362531	0.01247	-1	-6.59294
0.37	0.523599	0.200817	40.449	0.918869	0.362504	0.0124687	-1	-6.61087
0.371	0.523599	0.200414	40.4517	0.918863	0.362477	0.0124675	-1	-6.62873
0.372	0.523599	0.200011	40.4544	0.918856	0.36245	0.0124663	-1	-6.64655
0.373	0.523599	0.199608	40.4571	0.918849	0.362424	0.0124651	-1	-6.66433
0.374	0.523599	0.199205	40.4597	0.918842	0.362397	0.0124638	-1	-6.68201
0.375	0.523599	0.198803	40.4624	0.918835	0.36237	0.0124626	-1	-6.69963
0.376	0.523599	0.198399	40.465	0.918828	0.362344	0.0124614	-1	-6.71718
0.377	0.523599	0.197995	40.4677	0.918821	0.362317	0.0124602	-1	-6.7347
0.378	0.523599	0.197591	40.4703	0.918814	0.362291	0.012459	-1	-6.75216
0.379	0.523599	0.197187	40.473	0.918808	0.362265	0.0124578	-1	-6.76956
0.38	0.523599	0.196783	40.4756	0.918801	0.362238	0.0124567	-1	-6.78692
0.381	0.523599	0.19638	40.4782	0.918794	0.362212	0.0124555	-1	-6.80419
0.382	0.523599	0.195977	40.4808	0.918788	0.362186	0.0124543	-1	-6.82138
0.383	0.523599	0.195573	40.4835	0.91878	0.362159	0.012453	-1	-6.83851
0.384	0.523599	0.195169	40.4864	0.91877	0.362132	0.0124516	-1	-6.85558
0.385	0.523599	0.194765	40.4892	0.918761	0.362104	0.0124502	-1	-6.8726
0.386	0.523599	0.194361	40.492	0.918752	0.362077	0.0124488	-1	-6.88955
0.387	0.523599	0.193957	40.4949	0.918742	0.36205	0.0124475	-1	-6.90645
0.388	0.523599	0.193553	40.4977	0.918733	0.362023	0.0124461	-1	-6.92329
0.389	0.523599	0.193149	40.5005	0.918724	0.361996	0.0124447	-1	-6.94006
0.39	0.523599	0.192745	40.5033	0.918715	0.361969	0.0124433	-1	-6.95678
0.391	0.523599	0.192342	40.506	0.918705	0.361942	0.012442	-1	-6.97344
0.392	0.523599	0.191938	40.5088	0.918696	0.361915	0.0124406	-1	-6.99007
0.393	0.523599	0.191536	40.5116	0.918687	0.361888	0.0124393	-1	-7.0066
0.394	0.523599	0.191133	40.5143	0.918678	0.361862	0.0124379	-1	-7.02306
0.395	0.523599	0.19073	40.5171	0.918669	0.361835	0.0124366	-1	-7.03946
0.396	0.523599	0.190328	40.5198	0.91866	0.361809	0.0124352	-1	-7.0558
0.397	0.523599	0.189925	40.5226	0.918651	0.361782	0.0124339	-1	-7.07209
0.398	0.523599	0.189523	40.5253	0.918642	0.361756	0.0124326	-1	-7.08831
0.399	0.523599	0.189121	40.528	0.918633	0.36173	0.0124312	-1	-7.10447
0.4	0.523599	0.188719	40.5307	0.918625	0.361703	0.0124299	-1	-7.12057
0.401	0.523599	0.188318	40.5334	0.918616	0.361677	0.0124286	-1	-7.13661
0.402	0.523599	0.187917	40.5361	0.918607	0.361651	0.0124273	-1	-7.15259
0.403	0.523599	0.187516	40.5388	0.918598	0.361625	0.012426	-1	-7.16851
0.404	0.523599	0.187115	40.5415	0.91859	0.361599	0.0124247	-1	-7.18437
0.405	0.523599	0.186715	40.5442	0.918581	0.361574	0.0124234	-1	-7.20016
0.406	0.523599	0.186316	40.5468	0.918572	0.361548	0.0124221	-1	-7.2159
0.407	0.523599	0.185916	40.5495	0.918564	0.361522	0.0124208	-1	-7.23157
0.408	0.523599	0.185517	40.5521	0.918555	0.361497	0.0124195	-1	-7.24718
0.409	0.523599	0.185119	40.5548	0.918547	0.361471	0.0124183	-1	-7.26273
0.41	0.523599	0.18472	40.5574	0.918538	0.361446	0.012417	-1	-7.27822
0.411	0.523599	0.184323	40.56	0.91853	0.361421	0.0124157	-1	-7.29364
0.412	0.523599	0.183925	40.5626	0.918521	0.361395	0.0124145	-1	-7.30901
0.413	0.523599	0.183529	40.5652	0.918513	0.36137	0.0124132	-1	-7.32432
0.414	0.523599	0.183133	40.5678	0.918505	0.361345	0.012412	-1	-7.33956
0.415	0.523599	0.182737	40.5704	0.918496	0.36132	0.0124107	-1	-7.35474
0.416	0.523599	0.182342	40.573	0.918488	0.361295	0.0124095	-1	-7.36986
0.417	0.523599	0.181947	40.5756	0.91848	0.36127	0.0124082	-1	-7.38491
0.418	0.523599	0.181553	40.5782	0.918472	0.361246	0.012407	-1	-7.39991
0.419	0.523599	0.181159	40.5807	0.918463	0.361221	0.0124058	-1	-7.41484
0.42	0.523599	0.180766	40.5833	0.918455	0.361196	0.0124045	-1	-7.42972
0.421	0.523599	0.180374	40.5858	0.918447	0.361172	0.0124033	-1	-7.44456
0.422	0.523599	0.179983	40.5883	0.918439	0.361147	0.0124021	-1	-7.45931
0.423	0.523599	0.179592	40.5909	0.918431	0.361123	0.0124009	-1	-7.474
0.424	0.523599	0.179202	40.5934	0.918423	0.361098	0.0123997	-1	-7.48862
0.425	0.523599	0.178813	40.5959	0.918415	0.361074	0.0123985	-1	-7.50317
0.426	0.523599	0.178423	40.5984	0.918407	0.36105	0.0123973	-1	-7.51767
0.427	0.523599	0.178035	40.6009	0.918399	0.361026	0.0123961	-1	-7.53213
0.428	0.523599	0.177647	40.6034	0.918391	0.361002	0.0123949	-1	-7.54652
0.429	0.523599	0.17726	40.6059	0.918384	0.360978	0.0123937	-1	-7.56085
0.43	0.523599	0.176873	40.6084	0.918376	0.360954	0.0123925	-1	-7.5751
0.431	0.523599	0.176487	40.6108	0.918368	0.36093	0.0123914	-1	-7.58931
0.432	0.523599	0.176101	40.6133	0.91836	0.360906	0.0123902	-1	-7.60346
0.433	0.523599	0.175717	40.6157	0.918353	0.360883	0.012389	-1	-7.61755
0.434	0.523599	0.175333	40.6182	0.918345	0.360859	0.0123879	-1	-7.63157
0.435	0.523599	0.174949	40.6206	0.918337	0.360836	0.0123867	-1	-7.64553
0.436	0.523599	0.174567	40.623	0.91833	0.360812	0.0123856	-1	-7.65945
0.437	0.523599	0.174185	40.6255	0.918322	0.360789	0.0123844	-1	-7.67329
0.438	0.523599	0.173804	40.6279	0.918315	0.360766	0.0123833	-1	-7.68708
0.439	0.523599	0.173424	40.6303	0.918307	0.360742	0.0123821	-1	-7.7008
0.44	0.523599	0.173044	40.6327	0.9183	0.360719	0.012381	-1	-7.71447
0.441	0.523599	0.172666	40.6351	0.918292	0.360696	0.0123799	-1	-7.72807
0.442	0.523599	0.172288	40.6374	0.918285	0.360673	0.0123787	-1	-7.74162
0.443	0.523599	0.171911	40.6398	0.918278	0.36065	0.0123776	-1	-7.7551
0.444	0.523599	0.171535	40.6422	0.91827	0.360627	0.0123765	-1	-7.76853
0.445	0.523599	0.17116	40.6446	0.918263	0.360605	0.0123754	-1	-7.78189
0.446	0.523599	0.170785	40.6469	0.918256	0.360582	0.0123743	-1	-7.7952
0.447	0.523599	0.170412	40.6493	0.918248	0.360559	0.0123732	-1	-7.80845
0.448	0.523599	0.170039	40.6516	0.918241	0.360537	0.0123721	-1	-7.82164
0.449	0.523599	0.169667	40.6539	0.918234	0.360514	0.012371	-1	-7.83477
0.45	0.523599	0.169296	40.6562	0.918227	0.360492	0.0123699	-1	-7.84784
0.451	0.523599	0.168926	40.6586	0.91822	0.360469	0.0123688	-1	-7.86084
0.452	0.523599	0.168556	40.6609	0.918213	0.360447	0.0123677	-1	-7.87378
0.453	0.523599	0.168187	40.6632	0.918206	0.360425	0.0123667	-1	-7.88668
0.454	0.523599	0.167819	40.6655	0.918199	0.360403	0.0123656	-1	-7.89953
0.455	0.523599	0.167453	40.6678	0.918192	0.360381	0.0123645	-1	-7.91233
0.456	0.523599	0.167087	40.67	0.918185	0.360359	0.0123634	-1	-7.92505
0.457	0.523599	0.166722	40.6723	0.918178	0.360337	0.0123624	-1	-7.93772
0.458	0.523599	0.166358	40.6746	0.918171	0.360315	0.0123613	-1	-7.95032
0.459	0.523599	0.165995	40.6768	0.918164	0.360293	0.0123603	-1	-7.96287
0.46	0.523599	0.165633	40.6791	0.918157	0.360271	0.0123592	-1	-7.97536
0.461	0.523599	0.165272	40.6813	0.91815	0.360249	0.0123582	-1	-7.9878
0.462	0.523599	0.164912	40.6836	0.918144	0.360228	0.0123571	-1	-8.00018
0.463	0.523599	0.164553	40.6858	0.918137	0.360206	0.0123561	-1	-8.0125
0.464	0.523599	0.164195	40.688	0.91813	0.360185	0.0123551	-1	-8.02476
0.465	0.523599	0.163838	40.6903	0.918124	0.360163	0.012354	-1	-8.03696
0.466	0.523599	0.163482	40.6925	0.918117	0.360142	0.012353	-1	-8.04911
0.467	0.523599	0.163127	40.6947	0.91811	0.360121	0.012352	-1	-8.0612
0.468	0.523599	0.162773	40.6969	0.918104	0.3601	0.012351	-1	-8.07323
0.469	0.523599	0.16242	40.6991	0.918097	0.360078	0.01235	-1	-8.08521
0.47	0.523599	0.162068	40.7012	0.918091	0.360057	0.012349	-1	-8.09712
0.471	0.523599	0.161717	40.7034	0.918084	0.360036	0.0123479	-1	-8.10899
0.472	0.523599	0.161368	40.7056	0.918078	0.360015	0.0123469	-1	-8.12079
0.473	0.523599	0.161019	40.7077	0.918071	0.359995	0.012346	-1	-8.13254
0.474	0.523599	0.160671	40.7099	0.918065	0.359974	0.012345	-1	-8.14423
0.475	0.523599	0.160324	40.712	0.918058	0.359953	0.012344	-1	-8.15587
0.476	0.523599	0.159978	40.7142	0.918052	0.359932	0.012343	-1	-8.16746
0.477	0.523599	0.159633	40.7163	0.918046	0.359912	0.012342	-1	-8.17899
0.478	0.523599	0.15929	40.7185	0.91804	0.359891	0.012341	-1	-8.19047
0.479	0.523599	0.158947	40.7206	0.918033	0.359871	0.0123401	-1	-8.20189
0.48	0.523599	0.158606	40.7227	0.918027	0.35985	0.0123391	-1	-8.21325
0.481	0.523599	0.158265	40.7248	0.918021	0.35983	0.0123381	-1	-8.22456
0.482	0.523599	0.157926	40.7269	0.918015	0.359809	0.0123372	-1	-8.23582
0.483	0.523599	0.157587	40.729	0.918009	0.359789	0.0123362	-1	-8.24702
0.484	0.523599	0.15725	40.7311	0.918002	0.359769	0.0123352	-1	-8.25817
0.485	0.523599	0.156914	40.7332	0.917996	0.359749	0.0123343	-1	-8.26926
0.486	0.523599	0.156579	40.7352	0.91799	0.359729	0.0123334	-1	-8.2803
0.487	0.523599	0.156245	40.7373	0.917984	0.359709	0.0123324	-1	-8.29129
0.488	0.523599	0.155912	40.7394	0.917978	0.359689	0.0123315	-1	-8.30222
0.489	0.523599	0.155581	40.7414	0.917972	0.359669	0.0123305	-1	-8.3131
0.49	0.523599	0.15525	40.7435	0.917966	0.359649	0.0123296	-1	-8.32392
0.491	0.523599	0.154921	40.7455	0.91796	0.359629	0.0123287	-1	-8.33469
0.492	0.523599	0.154593	40.7476	0.917955	0.35961	0.0123278	-1	-8.3454
0.493	0.523599	0.154266	40.7496	0.917949	0.35959	0.0123268	-1	-8.35607
0.494	0.523599	0.15394	40.7516	0.917943	0.359571	0.0123259	-1	-8.36668
0.495	0.523599	0.153615	40.7536	0.917937	0.359551	0.012325	-1	-8.37723
0.496	0.523599	0.153291	40.7557	0.917931	0.359532	0.0123241	-1	-8.38774
0.497	0.523599	0.152969	40.7577	0.917926	0.359512	0.0123232	-1	-8.39819
0.498	0.523599	0.152647	40.7597	0.91792	0.359493	0.0123223	-1	-8.40859
0.499	0.523599	0.152327	40.7617	0.917914	0.359474	0.0123214	-1	-8.41894
0.5	0.523599	0.152008	40.7637	0.917908	0.359454	0.0123205	-1	-8.42923
0.501	0.523599	0.15169	40.7656	0.917903	0.359435	0.0123196	-1	-8.43947
0.502	0.523599	0.151373	40.7676	0.917897	0.359416	0.0123187	-1	-8.44967
0.503	0.523599	0.151058	40.7696	0.917892	0.359397	0.0123178	-1	-8.45981
0.504	0.523599	0.150744	40.7715	0.917886	0.359378	0.012317	-1	-8.4699
0.505	0.523599	0.15043	40.7735	0.91788	0.359359	0.0123161	-1	-8.47994
0.506	0.523599	0.150118	40.7755	0.917875	0.35934	0.0123152	-1	-8.48992
0.507	0.523599	0.149807	40.7774	0.917869	0.359322	0.0123143	-1	-8.49986
0.508	0.523599	0.149498	40.7793	0.917864	0.359303	0.0123135	-1	-8.50974
0.509	0.523599	0.149189	40.7813	0.917859	0.359284	0.0123126	-1	-8.51957
0.51	0.523599	0.148882	40.7832	0.917853	0.359266	0.0123117	-1	-8.52936
0.511	0.523599	0.148575	40.7851	0.917848	0.359247	0.0123109	-1	-8.5391
0.512	0.523599	0.14827	40.787	0.917842	0.359228	0.01231	-1	-8.54879
0.513	0.523599	0.147966	40.7889	0.917837	0.35921	0.0123092	-1	-8.55843
0.514	0.523599	0.147663	40.7909	0.917832	0.359192	0.0123083	-1	-8.56802
0.515	0.523599	0.147362	40.7928	0.917826	0.359173	0.0123075	-1	-8.57756
0.516	0.523599	0.147062	40.7946	0.917821	0.359155	0.0123066	-1	-8.58704
0.517	0.523599	0.146762	40.7965	0.917816	0.359137	0.0123058	-1	-8.59648
0.518	0.523599	0.146464	40.7984	0.917811	0.359118	0.012305	-1	-8.60587
0.519	0.523599	0.146167	40.8003	0.917806	0.3591	0.0123042	-1	-8.61522
0.52	0.523599	0.145871	40.8022	0.9178	0.359082	0.0123033	-1	-8.62451
0.521	0.523599	0.145577	40.804	0.917795	0.359064	0.0123025	-1	-8.63376
0.522	0.523599	0.145284	40.8059	0.91779	0.359046	0.0123017	-1	-8.64295
0.523	0.523599	0.144991	40.8077	0.917785	0.359028	0.0123009	-1	-8.6521
0.524	0.523599	0.1447	40.8096	0.91778	0.35901	0.0123001	-1	-8.6612
0.525	0.523599	0.14441	40.8114	0.917775	0.358993	0.0122992	-1	-8.67026
0.526	0.523599	0.144121	40.8133	0.91777	0.358975	0.0122984	-1	-8.67926
0.527	0.523599	0.143834	40.8151	0.917765	0.358957	0.0122976	-1	-8.68822
0.528	0.523599	0.143548	40.8169	0.91776	0.358939	0.0122968	-1	-8.69714
0.529	0.523599	0.143263	40.8187	0.917755	0.358922	0.012296	-1	-8.70601
0.53	0.523599	0.142979	40.8206	0.91775	0.358904	0.0122952	-1	-8.71482
0.531	0.523599	0.142696	40.8224	0.917745	0.358887	0.0122944	-1	-8.7236
0.532	0.523599	0.142415	40.8242	0.91774	0.358869	0.0122937	-1	-8.73232
0.533	0.523599	0.142135	40.826	0.917736	0.358852	0.0122929	-1	-8.741
0.534	0.523599	0.141856	40.8278	0.917731	0.358835	0.0122921	-1	-8.74963
0.535	0.523599	0.141578	40.8296	0.917726	0.358817	0.0122913	-1	-8.75822
0.536	0.523599	0.141301	40.8313	0.917721	0.3588	0.0122905	-1	-8.76676
0.537	0.523599	0.141026	40.8331	0.917716	0.358783	0.0122898	-1	-8.77526
0.538	0.523599	0.140752	40.8349	0.917712	0.358766	0.012289	-1	-8.78371
0.539	0.523599	0.140479	40.8366	0.917707	0.358749	0.0122882	-1	-8.79212
0.54	0.523599	0.140207	40.8384	0.917702	0.358732	0.0122875	-1	-8.80047
0.541	0.523599	0.139937	40.8402	0.917698	0.358715	0.0122867	-1	-8.80879
0.542	0.523599	0.139667	40.8419	0.917693	0.358698	0.0122859	-1	-8.81706
0.543	0.523599	0.139399	40.8437	0.917688	0.358681	0.0122852	-1	-8.82529
0.544	0.523599	0.139132	40.8454	0.917684	0.358664	0.0122844	-1	-8.83347
0.545	0.523599	0.138867	40.8471	0.917679	0.358647	0.0122837	-1	-8.84161
0.546	0.523599	0.138602	40.8489	0.917675	0.35863	0.0122829	-1	-8.84971
0.547	0.523599	0.138339	40.8506	0.91767	0.358614	0.0122822	-1	-8.85776
0.548	0.523599	0.138077	40.8523	0.917666	0.358597	0.0122815	-1	-8.86577
0.549	0.523599	0.137816	40.854	0.917661	0.35858	0.0122807	-1	-8.87373
0.55	0.523599	0.137556	40.8557	0.917657	0.358564	0.01228	-1	-8.88166
0.551	0.523599	0.137298	40.8575	0.917652	0.358547	0.0122793	-1	-8.88954
0.552	0.523599	0.137041	40.8592	0.917648	0.358531	0.0122785	-1	-8.89737
0.553	0.523599	0.136785	40.8608	0.917643	0.358514	0.0122778	-1	-8.90517
0.554	0.523599	0.13653	40.8625	0.917639	0.358498	0.0122771	-1	-8.91292
0.555	0.523599	0.136276	40.8642	0.917635	0.358482	0.0122764	-1	-8.92063
0.556	0.523599	0.136024	40.8659	0.91763	0.358465	0.0122756	-1	-8.92829
0.557	0.523599	0.135772	40.8676	0.917626	0.358449	0.0122749	-1	-8.93592
0.558	0.523599	0.135522	40.8693	0.917622	0.358433	0.0122742	-1	-8.9435
0.559	0.523599	0.135273	40.8709	0.917617	0.358417	0.0122735	-1	-8.95104
0.56	0.523599	0.135026	40.8726	0.917613	0.358401	0.0122728	-1	-8.95854
0.561	0.523599	0.134779	40.8742	0.917609	0.358385	0.0122721	-1	-8.966
0.562	0.523599	0.134534	40.8759	0.917605	0.358369	0.0122714	-1	-8.97342
0.563	0.523599	0.13429	40.8776	0.9176	0.358353	0.0122707	-1	-8.9808
0.564	0.523599	0.134047	40.8792	0.917596	0.358337	0.01227	-1	-8.98814
0.565	0.523599	0.133805	40.8808	0.917592	0.358321	0.0122693	-1	-8.99544
0.566	0.523599	0.133564	40.8825	0.917588	0.358305	0.0122686	-1	-9.00269
0.567	0.523599	0.133325	40.8841	0.917584	0.358289	0.0122679	-1	-9.00991
0.568	0.523599	0.133087	40.8857	0.91758	0.358273	0.0122672	-1	-9.01709
0.569	0.523599	0.13285	40.8873	0.917576	0.358258	0.0122666	-1	-9.02423
0.57	0.523599	0.132614	40.889	0.917572	0.358242	0.0122659	-1	-9.03132
0.571	0.523599	0.132379	40.8906	0.917567	0.358226	0.0122652	-1	-9.03838
0.572	0.523599	0.132145	40.8922	0.917563	0.358211	0.0122645	-1	-9.0454
0.573	0.523599	0.131913	40.8938	0.917559	0.358195	0.0122638	-1	-9.05238
0.574	0.523599	0.131681	40.8954	0.917555	0.35818	0.0122632	-1	-9.05932
0.575	0.523599	0.131451	40.897	0.917551	0.358164	0.0122625	-1	-9.06622
0.576	0.523599	0.131221	40.8986	0.917548	0.358149	0.0122618	-1	-9.0731
0.577	0.523599	0.130993	40.9002	0.917544	0.358134	0.0122612	-1	-9.07994
0.578	0.523599	0.130766	40.9017	0.91754	0.358118	0.0122605	-1	-9.08674
0.579	0.523599	0.13054	40.9033	0.917536	0.358103	0.0122599	-1	-9.09351
0.58	0.523599	0.130316	40.9049	0.917532	0.358088	0.0122592	-1	-9.10023
0.581	0.523599	0.130092	40.9065	0.917528	0.358072	0.0122585	-1	-9.10692
0.582	0.523599	0.12987	40.908	0.917524	0.358057	0.0122579	-1	-9.11357
0.583	0.523599	0.129649	40.9096	0.91752	0.358042	0.0122572	-1	-9.12018
0.584	0.523599	0.129429	40.9112	0.917517	0.358027	0.0122566	-1	-9.12675
0.585	0.523599	0.12921	40.9127	0.917513	0.358012	0.012256	-1	-9.13329
0.586	0.523599	0.128992	40.9143	0.917509	0.357997	0.0122553	-1	-9.13979
0.587	0.523599	0.128775	40.9158	0.917505	0.357982	0.0122547	-1	-9.14625
0.588	0.523599	0.12856	40.9173	0.917502	0.357967	0.012254	-1	-9.15267
0.589	0.523599	0.128345	40.9189	0.917498	0.357952	0.0122534	-1	-9.15906
0.59	0.523599	0.128132	40.9204	0.917494	0.357937	0.0122528	-1	-9.16542
0.591	0.523599	0.12792	40.9219	0.91749	0.357922	0.0122521	-1	-9.17173
0.592	0.523599	0.127709	40.9235	0.917487	0.357908	0.0122515	-1	-9.17801
0.593	0.523599	0.127499	40.925	0.917483	0.357893	0.0122509	-1	-9.18426
0.594	0.523599	0.12729	40.9265	0.91748	0.357878	0.0122503	-1	-9.19047
0.595	0.523599	0.127082	40.928	0.917476	0.357864	0.0122497	-1	-9.19664
0.596	0.523599	0.126876	40.9295	0.917472	0.357849	0.012249	-1	-9.20278
0.597	0.523599	0.12667	40.931	0.917469	0.357834	0.0122484	-1	-9.20888
0.598	0.523599	0.126466	40.9325	0.917465	0.35782	0.0122478	-1	-9.21495
0.599	0.523599	0.126262	40.934	0.917462	0.357805	0.0122472	-1	-9.22099
0.6	0.523599	0.12606	40.9355	0.917458	0.357791	0.0122466	-1	-9.22699
0.601	0.523599	0.125859	40.937	0.917455	0.357776	0.012246	-1	-9.23295
0.602	0.523599	0.125659	40.9385	0.917451	0.357762	0.0122454	-1	-9.23888
0.603	0.523599	0.12546	40.94	0.917448	0.357747	0.0122448	-1	-9.24478
0.604	0.523599	0.125262	40.9414	0.917444	0.357733	0.0122442	-1	-9.25065
0.605	0.523599	0.125065	40.9429	0.917441	0.357719	0.0122436	-1	-9.25648
0.606	0.523599	0.124869	40.9444	0.917437	0.357705	0.012243	-1	-9.26228
0.607	0.523599	0.124675	40.9459	0.917434	0.35769	0.0122424	-1	-9.26804
0.608	0.523599	0.124481	40.9473	0.91743	0.357676	0.0122418	-1	-9.27378
0.609	0.523599	0.124288	40.9488	0.917427	0.357662	0.0122412	-1	-9.27947
0.61	0.523599	0.124097	40.9502	0.917424	0.357648	0.0122406	-1	-9.28514
0.611	0.523599	0.123906	40.9517	0.91742	0.357634	0.01224	-1	-9.29078
0.612	0.523599	0.123717	40.9531	0.917417	0.35762	0.0122394	-1	-9.29638
0.613	0.523599	0.123528	40.9546	0.917414	0.357606	0.0122389	-1	-9.30195
0.614	0.523599	0.123341	40.956	0.91741	0.357592	0.0122383	-1	-9.30749
0.615	0.523599	0.123155	40.9575	0.917407	0.357578	0.0122377	-1	-9.31299
0.616	0.523599	0.122969	40.9589	0.917404	0.357564	0.0122371	-1	-9.31847
0.617	0.523599	0.122785	40.9603	0.917401	0.35755	0.0122366	-1	-9.3239
0.618	0.523599	0.122601	40.9617	0.917397	0.357536	0.012236	-1	-9.32932
0.619	0.523599	0.122419	40.9632	0.917394	0.357522	0.0122354	-1	-9.33471
0.62	0.523599	0.122237	40.9646	0.917391	0.357508	0.0122348	-1	-9.34007
0.621	0.523599	0.122057	40.966	0.917388	0.357495	0.0122343	-1	-9.34541
0.622	0.523599	0.121877	40.9674	0.917384	0.357481	0.0122337	-1	-9.35071
0.623	0.523599	0.121698	40.9688	0.917381	0.357467	0.0122331	-1	-9.35599
0.624	0.523599	0.121521	40.9702	0.917378	0.357453	0.0122326	-1	-9.36122
0.625	0.523599	0.121344	40.9716	0.917375	0.35744	0.012232	-1	-9.36645
0.626	0.523599	0.121168	40.973	0.917372	0.357426	0.0122315	-1	-9.37164
0.627	0.523599	0.120994	40.9744	0.917369	0.357413	0.0122309	-1	-9.3768
0.628	0.523599	0.12082	40.9758	0.917366	0.357399	0.0122304	-1	-9.38192
0.629	0.523599	0.120647	40.9772	0.917363	0.357385	0.0122298	-1	-9.38703
0.63	0.523599	0.120475	40.9786	0.917359	0.357372	0.0122293	-1	-9.3921
0.631	0.523599	0.120305	40.98	0.917356	0.357358	0.0122287	-1	-9.39714
0.632	0.523599	0.120135	40.9814	0.917353	0.357345	0.0122282	-1	-9.40215
0.633	0.523599	0.119966	40.9828	0.91735	0.357332	0.0122276	-1	-9.40712
0.634	0.523599	0.119799	40.9841	0.917347	0.357318	0.0122271	-1	-9.41207
0.635	0.523599	0.119